2598.81201171875,102.84022521972656,4366.8828125,0.23853102326393127,0.8979922533035278,9.009429931640625
2598.771240234375,102.84309387207031,4366.64453125,0.16342636942863464,0.9001369476318359,9.098823547363281
2598.7314453125,102.84637451171875,4366.40185546875,0.11210460960865021,0.8880748152732849,9.114692687988281
2598.69140625,102.84970092773438,4366.15478515625,0.08115790039300919,0.8553377389907837,9.117767333984375
2598.65087890625,102.85298919677734,4365.90283203125,0.06690436601638794,0.8118157386779785,9.121597290039062
2598.6103515625,102.85607147216797,4365.65087890625,0.058162953704595566,0.761559247970581,9.121162414550781
2598.570556640625,102.85895538330078,4365.400390625,0.049146976321935654,0.7016926407814026,9.1754150390625
2598.52978515625,102.86168670654297,4365.14599609375,0.04581451043486595,0.6428437232971191,9.229774475097656
2598.488525390625,102.86439514160156,4364.89013671875,0.04396078735589981,0.5823487043380737,9.289588928222656
2598.446533203125,102.86712646484375,4364.6298828125,0.043501563370227814,0.5237525105476379,9.321426391601562
2598.40380859375,102.86991119384766,4364.3681640625,0.041778791695833206,0.4628204107284546,9.382575988769531
2598.35986328125,102.87258911132812,4364.10009765625,0.03636528179049492,0.41207894682884216,9.42779541015625
2598.3154296875,102.87509155273438,4363.830078125,0.03383743762969971,0.3668699264526367,9.492073059082031
2598.26953125,102.87757873535156,4363.55419921875,0.033822569996118546,0.32456374168395996,9.52520751953125
2598.2236328125,102.87982940673828,4363.27587890625,0.024952508509159088,0.2908567488193512,9.585983276367188
2598.176025390625,102.88162994384766,4362.99169921875,0.022116731852293015,0.2775583863258362,9.635459899902344
2598.127685546875,102.88326263427734,4362.70458984375,0.020848669111728668,0.2669784128665924,9.693595886230469
2598.078125,102.8846664428711,4362.412109375,0.017804091796278954,0.26723113656044006,9.726814270019531
2598.02783203125,102.88593292236328,4362.11669921875,0.0175625029951334,0.2699427306652069,9.785972595214844
2597.9765625,102.8871841430664,4361.8154296875,0.01840234361588955,0.27606257796287537,9.833236694335938
2597.924072265625,102.88847351074219,4361.51123046875,0.018557656556367874,0.2793683707714081,9.893081665039062
2597.869140625,102.88982391357422,4361.20263671875,0.02692413330078125,0.2830498516559601,9.995376586914062
2597.809326171875,102.89122009277344,4360.8916015625,0.05281905457377434,0.28292691707611084,10.344108581542969
2597.740478515625,102.89258575439453,4360.578125,0.08697276562452316,0.28163599967956543,10.989143371582031
2597.6650390625,102.89395904541016,4360.26318359375,0.10481628030538559,0.27781111001968384,11.787284851074219
2597.58544921875,102.89534759521484,4359.94384765625,0.09681694954633713,0.2754410207271576,12.4910888671875
2597.507080078125,102.89678192138672,4359.62060546875,0.059343770146369934,0.2708306312561035,12.921920776367188
2597.4296875,102.89823150634766,4359.29248046875,0.02703569270670414,0.26822152733802795,13.092361450195312
2597.35205078125,102.89970397949219,4358.9609375,0.011118103750050068,0.2638160288333893,13.194953918457031
2597.273193359375,102.90119934082031,4358.62451171875,0.004812625236809254,0.26055121421813965,13.242088317871094
2597.19384765625,102.9027328491211,4358.28466796875,0.0027455762028694153,0.25469091534614563,13.302566528320312
2597.11279296875,102.90420532226562,4357.9404296875,0.0022808643989264965,0.2487008273601532,13.341148376464844
2597.03125,102.90558624267578,4357.59375,0.0023377733305096626,0.24311374127864838,13.394844055175781
2596.94775390625,102.90692138671875,4357.2421875,0.0022417488507926464,0.2395961880683899,13.423957824707031
2596.863525390625,102.90827178955078,4356.88720703125,0.0019562917295843363,0.23428913950920105,13.474899291992188
2596.77783203125,102.90963745117188,4356.52783203125,0.0014793481677770615,0.2307920753955841,13.505874633789062
2596.69140625,102.91102600097656,4356.1650390625,0.001113196020014584,0.2256830930709839,13.554924011230469
2596.603271484375,102.91242980957031,4355.7978515625,0.0012425568420439959,0.22181038558483124,13.58172607421875
2596.514404296875,102.91386413574219,4355.427734375,0.0009403383592143655,0.21652381122112274,13.628593444824219
2596.423828125,102.91519927978516,4355.052734375,0.0017362808575853705,0.21504166722297668,13.65478515625
2596.33251953125,102.91647338867188,4354.6748046875,0.0015558127779513597,0.21064302325248718,13.699539184570312
2596.23974609375,102.9177017211914,4354.2919921875,0.0012875590473413467,0.2070913314819336,13.723503112792969
2596.14599609375,102.91893005371094,4353.90576171875,0.0008001442183740437,0.20175695419311523,13.766067504882812
2596.05078125,102.92018127441406,4353.51611328125,0.0006229182472452521,0.19772030413150787,13.788307189941406
2595.954833984375,102.92142486572266,4353.123046875,0.0005946033052168787,0.19180536270141602,13.828804016113281
2595.857177734375,102.922607421875,4352.7255859375,0.000579194980673492,0.18371158838272095,13.849250793457031
2595.759033203125,102.92378997802734,4352.3251953125,0.0006272596656344831,0.17329555749893188,13.887588500976562
2595.6591796875,102.92489624023438,4351.92041015625,0.0005740518099628389,0.16649951040744781,13.906349182128906
2595.55859375,102.92596435546875,4351.5126953125,0.00027091411175206304,0.1604684591293335,13.942520141601562
2595.45654296875,102.92707824707031,4351.10009765625,-0.002197261666879058,0.1591024249792099,13.959465026855469
2595.353515625,102.928466796875,4350.68505859375,-0.0037536590825766325,0.16978482902050018,13.993667602539062
2595.249267578125,102.93000030517578,4350.26513671875,-0.00415039574727416,0.18647781014442444,14.009170532226562
2595.14404296875,102.93154907226562,4349.84228515625,-0.005798341240733862,0.20754212141036987,14.041328430175781
2595.037353515625,102.93333435058594,4349.4150390625,-0.007720945402979851,0.24509449303150177,14.055122375488281
2594.93017578125,102.935302734375,4348.9853515625,-0.00881959218531847,0.28708648681640625,14.085456848144531
2594.821533203125,102.93734741210938,4348.55126953125,-0.009307861328125,0.3310660719871521,14.097801208496094
2594.714111328125,102.93952178955078,4348.1142578125,-0.02310180477797985,0.36890533566474915,14.021186828613281
2594.6083984375,102.9420394897461,4347.671875,-0.0385436974465847,0.39380136132240295,13.797164916992188
2594.50537109375,102.94497680664062,4347.22607421875,-0.05624387040734291,0.42978963255882263,13.484077453613281
2594.405029296875,102.94857788085938,4346.775390625,-0.0679931789636612,0.48193129897117615,13.078239440917969
2594.3076171875,102.9527587890625,4346.32177734375,-0.0739746168255806,0.5238686800003052,12.648216247558594
2594.212646484375,102.95723724365234,4345.86376953125,-0.07540896534919739,0.5685449242591858,12.19952392578125
2594.11865234375,102.96229553222656,4345.40185546875,-0.0663757175207138,0.6382811665534973,11.845016479492188
2594.023681640625,102.9676513671875,4344.9365234375,-0.04528801888227463,0.7191437482833862,11.644981384277344
2593.927734375,102.97323608398438,4344.4677734375,-0.02996823750436306,0.7958945631980896,11.579414367675781
2593.831298828125,102.97954559326172,4343.99658203125,-0.02288813516497612,0.8455022573471069,11.548286437988281
2593.734375,102.98619079589844,4343.52197265625,-0.01855468563735485,0.8850421905517578,11.553184509277344
2593.63671875,102.99292755126953,4343.04443359375,-0.01565551571547985,0.9226833581924438,11.550880432128906
2593.538818359375,103.00025939941406,4342.5634765625,-0.01361085008829832,0.933338463306427,11.566848754882812
2593.440185546875,103.00806427001953,4342.080078125,-0.012786840088665485,0.9306405186653137,11.569099426269531
2593.34033203125,103.0160140991211,4341.59375,-0.013275188393890858,0.9248690605163574,11.586013793945312
2593.240234375,103.02403259277344,4341.1044921875,-0.013793932273983955,0.9204499125480652,11.588104248046875
2593.139404296875,103.03203582763672,4340.61181640625,-0.014343256130814552,0.916140079498291,11.603713989257812
2593.03759765625,103.04005432128906,4340.11572265625,-0.015167214907705784,0.9135787487030029,11.604957580566406
2592.935546875,103.04804229736328,4339.61767578125,-0.015716517344117165,0.9111676812171936,11.619285583496094
2592.83251953125,103.0560531616211,4339.11572265625,-0.01596071943640709,0.909268856048584,11.619583129882812
2592.728759765625,103.06407928466797,4338.611328125,-0.01684567891061306,0.9072676301002502,11.632560729980469
2592.62451171875,103.0721435546875,4338.103515625,-0.018127478659152985,0.90611332654953,11.632064819335938
2592.51953125,103.08025360107422,4337.59375,-0.019866878166794777,0.9044604301452637,11.643692016601562
2592.4140625,103.08838653564453,4337.08056640625,-0.02108760178089142,0.9034632444381714,11.642349243164062
2592.307861328125,103.09651947021484,4336.56494140625,-0.02182009257376194,0.9025275111198425,11.652656555175781
2592.20068359375,103.10506439208984,4336.0458984375,-0.02450570836663246,0.9228063225746155,11.650650024414062
2592.09326171875,103.11406707763672,4335.52392578125,-0.02523798868060112,0.9590473175048828,11.659584045410156
2591.985107421875,103.12330627441406,4334.99951171875,-0.02636720985174179,0.9998645186424255,11.656814575195312
2591.878173828125,103.13265228271484,4334.47216796875,-0.037078890949487686,1.0405519008636475,11.574234008789062
2591.7724609375,103.14205932617188,4333.94091796875,-0.04736332595348358,1.0821341276168823,11.388786315917969
2591.668701171875,103.15158081054688,4333.4072265625,-0.05398549512028694,1.1190171241760254,11.168800354003906
2591.56640625,103.16230010986328,4332.87060546875,-0.05886833742260933,1.159567952156067,10.9375
2591.4638671875,103.17438507080078,4332.33154296875,-0.04953001067042351,1.2324392795562744,10.795021057128906
2591.36083984375,103.18704223632812,4331.7900390625,-0.03939829394221306,1.3134931325912476,10.730018615722656
2591.257568359375,103.19992065429688,4331.24658203125,-0.03573606535792351,1.395393967628479,10.700080871582031
2591.154296875,103.21285247802734,4330.70068359375,-0.03570553660392761,1.4775679111480713,10.686317443847656
2591.05078125,103.22594451904297,4330.15234375,-0.03814702853560448,1.5507806539535522,10.680068969726562
2590.94677734375,103.24063110351562,4329.60205078125,-0.042175278067588806,1.5855190753936768,10.677413940429688
2590.842529296875,103.25653839111328,4329.0498046875,-0.044006284326314926,1.6214048862457275,10.676338195800781
2590.73779296875,103.27288818359375,4328.4951171875,-0.0461120568215847,1.6588138341903687,10.676010131835938
2590.6328125,103.28936004638672,4327.93798828125,-0.04721071571111679,1.6954714059829712,10.675994873046875
2590.52734375,103.30583953857422,4327.37890625,-0.04779048636555672,1.7325798273086548,10.6761474609375
2590.42138671875,103.32245635986328,4326.8173828125,-0.04943851754069328,1.762052059173584,10.67633056640625
2590.315185546875,103.33975982666016,4326.25390625,-0.051330480724573135,1.764435887336731,10.676483154296875
2590.20849609375,103.35735321044922,4325.6884765625,-0.05267329886555672,1.7587189674377441,10.676582336425781
2590.101318359375,103.37501525878906,4325.12060546875,-0.05349743366241455,1.7535006999969482,10.676681518554688
2589.99365234375,103.3927001953125,4324.55078125,-0.05282582342624664,1.7491499185562134,10.676704406738281
2589.885986328125,103.41040802001953,4323.978515625,-0.05215456336736679,1.7458577156066895,10.676773071289062
2589.77734375,103.4281234741211,4323.40478515625,-0.05181865394115448,1.743781328201294,10.676788330078125
2589.6689453125,103.44585418701172,4322.82763671875,-0.052123960107564926,1.7414796352386475,10.676795959472656
2589.5595703125,103.46363830566406,4322.2490234375,-0.051544152200222015,1.7400315999984741,10.676826477050781
2589.4501953125,103.48145294189453,4321.66845703125,-0.05191029608249664,1.7390412092208862,10.6767578125
2589.34033203125,103.49932098388672,4321.0859375,-0.05166618898510933,1.7379552125930786,10.676795959472656
2589.22998046875,103.51722717285156,4320.5009765625,-0.05148317664861679,1.7376341819763184,10.676856994628906
2589.119384765625,103.53517150878906,4319.9140625,-0.051971375942230225,1.7373336553573608,10.676887512207031
2589.00830078125,103.55322265625,4319.32470703125,-0.05197136476635933,1.7368760108947754,10.676895141601562
2588.896728515625,103.57130432128906,4318.7333984375,-0.05175775662064552,1.73641836643219,10.676887512207031
2588.78515625,103.58944702148438,4318.14013671875,-0.05200182646512985,1.7360700368881226,10.676856994628906
2588.6728515625,103.6076431274414,4317.54541015625,-0.05197133496403694,1.7358378171920776,10.67681884765625
2588.560302734375,103.62591552734375,4316.9482421875,-0.05172725021839142,1.7356261014938354,10.676765441894531
2588.447021484375,103.64423370361328,4316.34912109375,-0.05129989609122276,1.735352873802185,10.6767578125
2588.333740234375,103.66261291503906,4315.748046875,-0.051696762442588806,1.7354075908660889,10.676765441894531
2588.219970703125,103.68106079101562,4315.14501953125,-0.05148305371403694,1.7352299690246582,10.676765441894531
2588.10595703125,103.69954681396484,4314.5400390625,-0.05148305371403694,1.7352299690246582,10.676765441894531
2587.991455078125,103.7181396484375,4313.93310546875,-0.053039416670799255,1.737702488899231,10.676826477050781
2587.876708984375,103.7372055053711,4313.32421875,-0.053894054144620895,1.761594533920288,10.676948547363281
2587.761474609375,103.75659942626953,4312.7138671875,-0.054321207106113434,1.7945910692214966,10.677078247070312
2587.64599609375,103.77619171142578,4312.10107421875,-0.053649965673685074,1.8286259174346924,10.677207946777344
2587.530029296875,103.79581451416016,4311.48681640625,-0.05407708138227463,1.8623261451721191,10.677322387695312
2587.41357421875,103.815673828125,4310.87060546875,-0.057159554213285446,1.8933488130569458,10.677322387695312
2587.29736328125,103.83689880371094,4310.25244140625,-0.060363806784152985,1.9446299076080322,10.677314758300781
2587.18017578125,103.85902404785156,4309.6328125,-0.06042489409446716,2.009229898452759,10.677482604980469
2587.06298828125,103.8814697265625,4309.01123046875,-0.061401329934597015,2.0757012367248535,10.677650451660156
2586.945556640625,103.90403747558594,4308.38818359375,-0.06137095391750336,2.142035961151123,10.677894592285156
2586.82763671875,103.92693328857422,4307.763671875,-0.06542970985174179,2.20033860206604,10.677932739257812
2586.709716796875,103.95170593261719,4307.13720703125,-0.07022104412317276,2.257486581802368,10.677993774414062
2586.59130859375,103.97757720947266,4306.509765625,-0.07064838707447052,2.3206045627593994,10.678115844726562
2586.47216796875,104.00384521484375,4305.880859375,-0.07037362456321716,2.385286331176758,10.678298950195312
2586.353515625,104.03018951416016,4305.25,-0.07064851373434067,2.4500365257263184,10.678550720214844
2586.234375,104.05691528320312,4304.6181640625,-0.075531005859375,2.505934715270996,10.678665161132812
2586.11474609375,104.08550262451172,4303.98486328125,-0.0791320875287056,2.562721014022827,10.67877197265625
2585.9951171875,104.1151351928711,4303.35009765625,-0.08041374385356903,2.6253538131713867,10.678924560546875
2585.875,104.14511108398438,4302.7138671875,-0.0802917405962944,2.6895439624786377,10.679161071777344
2585.754638671875,104.17516326904297,4302.07666015625,-0.07888782769441605,2.7541096210479736,10.679389953613281
2585.63427734375,104.2057113647461,4301.43798828125,-0.08377096801996231,2.808150053024292,10.679527282714844
2585.513427734375,104.23808288574219,4300.7978515625,-0.0875549241900444,2.8626551628112793,10.679672241210938
2585.392333984375,104.27133178710938,4300.1572265625,-0.08789046108722687,2.920814037322998,10.679878234863281
2585.27099609375,104.30487823486328,4299.5146484375,-0.0879516452550888,2.981022357940674,10.680099487304688
2585.14990234375,104.33853912353516,4298.87060546875,-0.08923345804214478,3.0442698001861572,10.680252075195312
2585.02783203125,104.37335968017578,4298.22607421875,-0.09371951222419739,3.1168336868286133,10.680488586425781
2584.906005859375,104.40950012207031,4297.580078125,-0.09442130476236343,3.170088768005371,10.680671691894531
2584.783935546875,104.44609069824219,4296.93359375,-0.09579484164714813,3.2188358306884766,10.680862426757812
2584.661865234375,104.47803497314453,4296.28759765625,-0.09313975274562836,2.999368190765381,10.680915832519531
2584.5400390625,104.505615234375,4295.640625,-0.09259019792079926,2.5897481441497803,10.680671691894531
2584.417724609375,104.53205108642578,4294.9921875,-0.08947750180959702,2.1177616119384766,10.680091857910156
2584.294921875,104.55819702148438,4294.3427734375,-0.08523551374673843,1.6398327350616455,10.679443359375
2584.17236328125,104.58309936523438,4293.6904296875,-0.13729870319366455,1.2739872932434082,10.679374694824219
2584.051513671875,104.60484313964844,4293.033203125,-0.7397459149360657,1.4383695125579834,10.688972473144531
2583.92919921875,104.6240005493164,4292.37451171875,-1.4120177030563354,1.633446455001831,10.703071594238281
2583.803466796875,104.63290405273438,4291.7177734375,-1.586639404296875,1.3479787111282349,10.713241577148438
2583.6767578125,104.63650512695312,4291.06005859375,-1.579712152481079,0.9025001525878906,10.729179382324219
2583.551513671875,104.6412353515625,4290.4013671875,-1.7712401151657104,0.29033082723617554,10.734878540039062
2583.42724609375,104.65054321289062,4289.74169921875,-2.314391613006592,-0.5048192739486694,10.712730407714844
2583.299072265625,104.65103912353516,4289.0771484375,-2.609344720840454,-0.8711223006248474,10.697776794433594
2583.169189453125,104.6429443359375,4288.40869140625,-2.674957752227783,-0.9272732734680176,10.689674377441406
2583.046875,104.66072082519531,4287.734375,-3.170562982559204,0.725010871887207,10.303047180175781
2582.922119140625,104.66806030273438,4287.0712890625,-2.343597650527954,1.3058364391326904,10.045906066894531
2582.80419921875,104.6669921875,4286.40625,-2.266723871231079,1.5705063343048096,9.910415649414062
2582.6884765625,104.66246032714844,4285.7392578125,-2.572235107421875,1.7740459442138672,9.841156005859375
2582.58642578125,104.6905746459961,4285.07421875,-5.182375907897949,1.2217705249786377,9.759712219238281
2582.45458984375,104.74183654785156,4284.41455078125,-3.9694530963897705,0.661865770816803,9.691360473632812
2582.333740234375,104.77581024169922,4283.74169921875,-4.330385208129883,1.5703424215316772,9.695091247558594
2582.21142578125,104.8061294555664,4283.06494140625,-4.511476516723633,3.083324909210205,9.776252746582031
2582.091064453125,104.84244537353516,4282.388671875,-4.929598808288574,4.427280426025391,9.893020629882812
2581.96923828125,104.88993072509766,4281.71630859375,-5.154849052429199,5.292829513549805,9.993972778320312
2581.849853515625,104.94718170166016,4281.04638671875,-5.730898857116699,5.767827987670898,10.063339233398438
2581.7265625,105.0125732421875,4280.3798828125,-5.997745990753174,5.89949369430542,10.092094421386719
2581.602294921875,105.08213806152344,4279.7158203125,-5.992068290710449,5.849086761474609,10.103515625
2581.4775390625,105.14317321777344,4279.05419921875,-5.759432315826416,5.271027565002441,10.085700988769531
2581.35498046875,105.19505310058594,4278.39208984375,-5.687077522277832,4.380924224853516,10.041160583496094
2581.233154296875,105.24264526367188,4277.72900390625,-5.656680583953857,3.443760633468628,9.967689514160156
2581.111083984375,105.28842163085938,4277.06396484375,-5.640597343444824,2.5203123092651367,9.883979797363281
2580.98388671875,105.32789611816406,4276.39697265625,-5.460330486297607,1.8368494510650635,10.002029418945312
2580.851806640625,105.35340881347656,4275.72607421875,-5.370425701141357,1.6628299951553345,10.437568664550781
2580.713623046875,105.37298583984375,4275.05322265625,-5.349491596221924,1.6248608827590942,11.056564331054688
2580.571533203125,105.39080047607422,4274.37939453125,-5.365054130554199,1.6205511093139648,11.603591918945312
2580.427734375,105.40855407714844,4273.705078125,-5.392520427703857,1.6338152885437012,11.925590515136719
2580.2822265625,105.42674255371094,4273.02978515625,-5.413515567779541,1.653725266456604,12.086738586425781
2580.134521484375,105.4454345703125,4272.35302734375,-5.426425457000732,1.6734577417373657,12.164871215820312
2579.98583984375,105.46460723876953,4271.67529296875,-5.435428619384766,1.690348744392395,12.205963134765625
2579.83544921875,105.48416900634766,4270.99755859375,-5.442173004150391,1.703824758529663,12.225090026855469
2579.6845703125,105.50405883789062,4270.31787109375,-5.449068546295166,1.7141656875610352,12.237251281738281
2579.532958984375,105.52420806884766,4269.63623046875,-5.455356121063232,1.7224916219711304,12.242080688476562
2579.380615234375,105.54454803466797,4268.9541015625,-5.460665225982666,1.728331446647644,12.247016906738281
2579.227783203125,105.56504821777344,4268.27099609375,-5.465548038482666,1.7327369451522827,12.248275756835938
2579.07470703125,105.58566284179688,4267.5869140625,-5.468997478485107,1.7364661693572998,12.251235961914062
2578.921142578125,105.60638427734375,4266.90087890625,-5.471774578094482,1.739246129989624,12.251579284667969
2578.767333984375,105.6271743774414,4266.2138671875,-5.474338054656982,1.7409604787826538,12.253707885742188
2578.613037109375,105.64778137207031,4265.525390625,-5.437992095947266,1.727313756942749,12.252601623535156
2578.4580078125,105.66731262207031,4264.8359375,-5.271608829498291,1.65972900390625,12.248756408691406
2578.302978515625,105.68624114990234,4264.14599609375,-5.086183547973633,1.5695910453796387,12.239883422851562
2578.14892578125,105.70401763916016,4263.4541015625,-5.030795097351074,1.422537088394165,12.224273681640625
2577.994384765625,105.72108459472656,4262.7607421875,-5.018771648406982,1.258742332458496,12.202949523925781
2577.839111328125,105.73654174804688,4262.06591796875,-4.916171550750732,1.1479498147964478,12.186668395996094
2577.68359375,105.75122833251953,4261.3701171875,-4.773011684417725,1.0628525018692017,12.172958374023438
2577.528564453125,105.76466369628906,4260.671875,-4.715364933013916,1.033974528312683,12.165359497070312
2577.373779296875,105.77725982666016,4259.9716796875,-4.710816860198975,1.0375125408172607,12.161888122558594
2577.21826171875,105.78971099853516,4259.27001953125,-4.71945333480835,1.0487140417099,12.161331176757812
2577.06298828125,105.80304718017578,4258.56689453125,-4.732058048248291,1.1043049097061157,12.163948059082031
2576.90673828125,105.81722259521484,4257.86279296875,-4.739442348480225,1.1826813220977783,12.169532775878906
2576.75048828125,105.83183288574219,4257.1572265625,-4.744143486022949,1.2635780572891235,12.17584228515625
2576.59375,105.84542083740234,4256.45068359375,-4.680665493011475,1.2710025310516357,12.179664611816406
2576.4365234375,105.85836791992188,4255.74365234375,-4.4980788230896,1.1821553707122803,12.177619934082031
2576.279296875,105.87470245361328,4255.0341796875,-4.370179653167725,1.204647183418274,12.175491333007812
2576.1220703125,105.89192962646484,4254.32373046875,-4.262788772583008,1.216162919998169,12.170211791992188
2575.965087890625,105.9071273803711,4253.6123046875,-4.278352737426758,1.2045310735702515,12.164665222167969
2575.809814453125,105.91179656982422,4252.904296875,-4.383667469024658,0.832449734210968,12.107330322265625
2575.654052734375,105.90654754638672,4252.201171875,-4.268830299377441,-0.24267660081386566,12.05377197265625
2575.49560546875,105.89823150634766,4251.49658203125,-3.7121286392211914,-1.272915005683899,11.999900817871094
2575.33984375,105.90042877197266,4250.7841796875,-3.524902582168579,-1.6138029098510742,11.965217590332031
2575.184814453125,105.89949798583984,4250.06689453125,-3.6575326919555664,-1.3632441759109497,11.960350036621094
2575.02734375,105.8841552734375,4249.3447265625,-3.5935065746307373,-0.45620197057724,11.967453002929688
2574.869873046875,105.86837768554688,4248.623046875,-3.4837348461151123,0.4442218244075775,11.963233947753906
2574.71435546875,105.87194061279297,4247.90234375,-3.6220102310180664,0.8791682124137878,11.950912475585938
2574.5517578125,105.89157104492188,4247.18115234375,-2.7378242015838623,1.6138712167739868,12.018135070800781
2574.39013671875,105.91815948486328,4246.45849609375,-1.69671630859375,2.4312398433685303,12.094879150390625
2574.234375,105.94326782226562,4245.7353515625,-1.2874150276184082,2.9722249507904053,12.12811279296875
2574.08154296875,105.96891021728516,4245.01318359375,-1.439972162246704,3.147221326828003,12.129356384277344
2573.924072265625,105.99710845947266,4244.29736328125,-0.91278076171875,2.456709623336792,12.090164184570312
2573.7666015625,106.02568817138672,4243.5830078125,-0.17498788237571716,1.4722403287887573,12.040740966796875
2573.612060546875,106.04918670654297,4242.86328125,0.13289965689182281,0.7704930901527405,12.006019592285156
2573.459228515625,106.06822967529297,4242.14013671875,0.16975468397140503,0.29356151819229126,11.987480163574219
2573.305419921875,106.07911682128906,4241.41259765625,0.1500672996044159,0.31907227635383606,11.979530334472656
2573.150634765625,106.08588409423828,4240.681640625,0.12224899977445602,0.5963233113288879,11.975814819335938
2572.99560546875,106.0934066772461,4239.94970703125,0.09773333370685577,0.8532339930534363,11.973655700683594
2572.84033203125,106.10366821289062,4239.216796875,0.07942486554384232,1.1501765251159668,11.972297668457031
2572.6845703125,106.11825561523438,4238.48388671875,0.066510871052742,1.3933721780776978,11.971458435058594
2572.529052734375,106.13644409179688,4237.74951171875,0.05607474222779274,1.5950062274932861,11.970832824707031
2572.373291015625,106.15612030029297,4237.01513671875,0.05115654319524765,1.7777888774871826,11.970344543457031
2572.217529296875,106.17816162109375,4236.27978515625,0.04990570992231369,1.8705564737319946,11.970039367675781
2572.0615234375,106.20188903808594,4235.54443359375,0.046823952347040176,1.9036624431610107,11.969779968261719
2571.9052734375,106.22681427001953,4234.80810546875,0.04384893923997879,1.899407148361206,11.969558715820312
2571.7490234375,106.25199127197266,4234.0712890625,0.04644349217414856,1.8877002000808716,11.969383239746094
2571.5927734375,106.27704620361328,4233.33349609375,0.05046582594513893,1.8764986991882324,11.969223022460938
2571.436279296875,106.30191802978516,4232.5947265625,0.05004541948437691,1.8665881156921387,11.969024658203125
2571.279296875,106.32667541503906,4231.85498046875,0.05010109394788742,1.8567458391189575,11.968818664550781
2571.122314453125,106.35132598876953,4231.1142578125,0.05595434829592705,1.850516676902771,11.968643188476562
2570.96533203125,106.37588500976562,4230.37255859375,0.060873184353113174,1.8479212522506714,11.96844482421875
2570.80810546875,106.40037536621094,4229.63037109375,0.0609515905380249,1.8489116430282593,11.968208312988281
2570.65283203125,106.42481231689453,4228.88720703125,0.0528002493083477,1.8504210710525513,11.869064331054688
2570.49951171875,106.44923400878906,4228.142578125,0.05205222964286804,1.8490004539489746,11.658897399902344
2570.349365234375,106.47364044189453,4227.39599609375,0.053817782551050186,1.84511399269104,11.386970520019531
2570.2001953125,106.49803161621094,4226.6494140625,0.06314809620380402,1.8397318124771118,11.187965393066406
2570.05126953125,106.5224380493164,4225.9013671875,0.07322932779788971,1.8346638679504395,11.083778381347656
2569.9033203125,106.54684448242188,4225.15185546875,0.08588086068630219,1.8326010704040527,11.029312133789062
2569.756103515625,106.57125854492188,4224.40185546875,0.09439165890216827,1.8329904079437256,11.000801086425781
2569.609130859375,106.59564971923828,4223.65087890625,0.09818913787603378,1.8354015350341797,10.985786437988281
2569.46240234375,106.62001037597656,4222.8994140625,0.10132375359535217,1.8358864784240723,10.977928161621094
2569.31640625,106.64446258544922,4222.14599609375,0.10980816930532455,1.8350121974945068,10.973777770996094
2569.170166015625,106.6689453125,4221.39306640625,0.11877280473709106,1.8346843719482422,10.9715576171875
2569.02392578125,106.6935043334961,4220.63818359375,0.12250149250030518,1.8353673219680786,10.970314025878906
2568.8779296875,106.71803283691406,4219.8837890625,0.12761801481246948,1.8373891115188599,10.969528198242188
2568.731689453125,106.74256896972656,4219.12744140625,0.13558024168014526,1.8371704816818237,10.969032287597656
2568.584716796875,106.76708984375,4218.37109375,0.14063337445259094,1.8342677354812622,10.968673706054688
2568.43798828125,106.79170989990234,4217.61376953125,0.14335232973098755,1.8313511610031128,10.968376159667969
2568.291015625,106.81634521484375,4216.85595703125,0.15115030109882355,1.8304427862167358,10.968116760253906
2568.14404296875,106.84095764160156,4216.0966796875,0.1568092256784439,1.829527497291565,10.967910766601562
2567.9970703125,106.86551666259766,4215.3369140625,0.15772433578968048,1.829404592514038,10.967704772949219
2567.850341796875,106.89009857177734,4214.57666015625,0.1591566801071167,1.827102780342102,10.967483520507812
2567.70458984375,106.91471099853516,4213.81494140625,0.1540246456861496,1.8240019083023071,10.873855590820312
2567.561767578125,106.9393310546875,4213.052734375,0.1487101912498474,1.8226836919784546,10.6751708984375
2567.42138671875,106.96392059326172,4212.2890625,0.1461983174085617,1.8216592073440552,10.417884826660156
2567.281982421875,106.98853302001953,4211.52392578125,0.1542423516511917,1.8213108777999878,10.228271484375
2567.14306640625,107.01315307617188,4210.7587890625,0.16329288482666016,1.821146845817566,10.127876281738281
2567.005126953125,107.03781127929688,4209.9921875,0.1675887405872345,1.8210512399673462,10.074836730957031
2566.86767578125,107.06248474121094,4209.22509765625,0.17133770883083344,1.8209898471832275,10.046844482421875
2566.730712890625,107.08717346191406,4208.45654296875,0.1735866218805313,1.8209898471832275,10.032081604003906
2566.593994140625,107.11190032958984,4207.68798828125,0.1764630377292633,1.8212425708770752,10.024307250976562
2566.457763671875,107.13663482666016,4206.91845703125,0.17861594259738922,1.8210854530334473,10.020217895507812
2566.32177734375,107.16139221191406,4206.1484375,0.18110841512680054,1.8210854530334473,10.018081665039062
2566.185791015625,107.1861572265625,4205.3779296875,0.1821487694978714,1.820839524269104,10.016883850097656
2566.050048828125,107.21098327636719,4204.60595703125,0.1788589358329773,1.8218026161193848,10.016326904296875
2565.91357421875,107.23582458496094,4203.833984375,0.17905466258525848,1.8224241733551025,10.016067504882812
2565.77685546875,107.26068878173828,4203.060546875,0.17992618680000305,1.8229910135269165,10.01605224609375
2565.64013671875,107.28556060791016,4202.287109375,0.17907707393169403,1.8233667612075806,10.016197204589844
2565.50341796875,107.31048583984375,4201.5126953125,0.1757611483335495,1.822506070137024,10.016334533691406
2565.36669921875,107.33543395996094,4200.73779296875,0.17590022087097168,1.8223626613616943,10.0164794921875
2565.22998046875,107.36042022705078,4199.962890625,0.17233039438724518,1.8243024349212646,10.0166015625
2565.09326171875,107.38544464111328,4199.18603515625,0.16699741780757904,1.8272666931152344,10.016769409179688
2564.95654296875,107.41050720214844,4198.40966796875,0.1624869704246521,1.8302651643753052,10.016876220703125
2564.819091796875,107.43557739257812,4197.63232421875,0.16032029688358307,1.831412672996521,10.017097473144531
2564.681884765625,107.46067810058594,4196.85400390625,0.15701696276664734,1.829746127128601,10.017318725585938
2564.54443359375,107.48583984375,4196.07568359375,0.153960719704628,1.827526330947876,10.017471313476562
2564.40673828125,107.51100158691406,4195.29638671875,0.1500643789768219,1.8252791166305542,10.017555236816406
2564.269287109375,107.53618621826172,4194.5166015625,0.1448187381029129,1.8269115686416626,10.017646789550781
2564.1318359375,107.56141662597656,4193.736328125,0.14284633100032806,1.8310233354568481,10.017799377441406
2563.994384765625,107.586669921875,4192.955078125,0.13981357216835022,1.8346911668777466,10.017967224121094
2563.856201171875,107.6119384765625,4192.17333984375,0.13449333608150482,1.836548924446106,10.018173217773438
2563.718017578125,107.63724517822266,4191.390625,0.12982462346553802,1.8349438905715942,10.018386840820312
2563.57958984375,107.66262817382812,4190.6083984375,0.12915141880512238,1.8335095643997192,10.018638610839844
2563.44140625,107.68803405761719,4189.8251953125,0.12214482575654984,1.8334344625473022,10.018867492675781
2563.30322265625,107.71342468261719,4189.041015625,0.11595317721366882,1.8335436582565308,10.019027709960938
2563.1650390625,107.73877716064453,4188.25634765625,0.1152033805847168,1.8341174125671387,10.019180297851562
2563.026611328125,107.76424407958984,4187.4716796875,0.11407417058944702,1.8348755836486816,10.019416809082031
2562.8896484375,107.78971099853516,4186.68603515625,0.09832226485013962,1.8348482847213745,9.9276123046875
2562.75537109375,107.81515502929688,4185.89892578125,0.0864294245839119,1.8347526788711548,9.731155395507812
2562.62353515625,107.84061431884766,4185.111328125,0.08424442261457443,1.8351693153381348,9.480293273925781
2562.494384765625,107.86614990234375,4184.32275390625,0.08177077025175095,1.8349711894989014,9.202827453613281
2562.36669921875,107.89168548583984,4183.533203125,0.08370044827461243,1.8351351022720337,9.003242492675781
2562.240234375,107.91718292236328,4182.7431640625,0.08941347897052765,1.8352717161178589,8.895721435546875
2562.11474609375,107.9427490234375,4181.95263671875,0.0948808416724205,1.8357908725738525,8.838081359863281
2561.989990234375,107.96835327148438,4181.16064453125,0.09406096488237381,1.8359410762786865,8.807159423828125
2561.866455078125,107.99397277832031,4180.3681640625,0.09044340252876282,1.8354493379592896,8.790657043457031
2561.742919921875,108.01951599121094,4179.57568359375,0.09242592751979828,1.8344862461090088,8.781959533691406
2561.619384765625,108.04515075683594,4178.78173828125,0.09121541678905487,1.8326489925384521,8.77740478515625
2561.4970703125,108.07081604003906,4177.98779296875,0.08637092262506485,1.8327854871749878,8.775093078613281
2561.374267578125,108.09648895263672,4177.193359375,0.08717362582683563,1.8362483978271484,8.773994445800781
2561.25146484375,108.12217712402344,4176.39794921875,0.08635146170854568,1.8388439416885376,8.773529052734375
2561.12890625,108.1476058959961,4175.6025390625,0.08097740262746811,1.82517671585083,8.773452758789062
2561.00634765625,108.17294311523438,4174.806640625,0.07784686237573624,1.8058199882507324,8.773483276367188
2560.8837890625,108.19802856445312,4174.009765625,0.07436510920524597,1.769264817237854,8.773689270019531
2560.760986328125,108.22248840332031,4173.2138671875,0.07044912874698639,1.716747522354126,8.774002075195312
2560.6376953125,108.24641418457031,4172.416015625,0.06609359383583069,1.6722761392593384,8.774307250976562
2560.514404296875,108.26970672607422,4171.61767578125,0.06407858431339264,1.6041518449783325,8.77459716796875
2560.392822265625,108.29206848144531,4170.81884765625,0.05031517893075943,1.5499268770217896,8.685890197753906
2560.27392578125,108.31362915039062,4170.01904296875,0.03361446037888527,1.4938032627105713,8.485359191894531
2560.157958984375,108.33441162109375,4169.21826171875,0.023234380409121513,1.4268059730529785,8.215103149414062
2560.04541015625,108.35436248779297,4168.416015625,0.01751815900206566,1.3793361186981201,7.90478515625
2559.93408203125,108.37346649169922,4167.61376953125,0.02153114601969719,1.312147617340088,7.677650451660156
2559.82373046875,108.39163970947266,4166.8095703125,0.02417358197271824,1.2565839290618896,7.5526123046875
2559.715087890625,108.40928649902344,4166.00537109375,0.024360673502087593,1.211627721786499,7.4842071533203125
2559.607421875,108.4263916015625,4165.19970703125,0.022877413779497147,1.1629011631011963,7.4470977783203125
2559.50048828125,108.44255828857422,4164.3935546875,0.0230103712528944,1.1307240724563599,7.4267120361328125
2559.39404296875,108.45826721191406,4163.5859375,0.025114260613918304,1.0989364385604858,7.41571044921875
2559.2880859375,108.47381591796875,4162.7783203125,0.026144923642277718,1.0705910921096802,7.409881591796875
2559.1826171875,108.489013671875,4161.96875,0.026243483647704124,1.0561248064041138,7.406707763671875
2559.0771484375,108.50393676757812,4161.15966796875,0.024518951773643494,1.0507289171218872,7.405036926269531
2558.9716796875,108.51858520507812,4160.3505859375,0.026578420773148537,1.0422253608703613,7.404273986816406
2558.8662109375,108.53314208984375,4159.541015625,0.026477297767996788,1.0310306549072266,7.403907775878906
2558.7607421875,108.54768371582031,4158.732421875,0.023893751204013824,1.0188182592391968,7.4037933349609375
2558.65625,108.5621566772461,4157.92529296875,0.022688033059239388,1.0113939046859741,7.403816223144531
2558.551513671875,108.57649230957031,4157.1201171875,0.023096300661563873,1.0104445219039917,7.403877258300781
2558.447021484375,108.59075164794922,4156.31689453125,0.021679729223251343,1.0114963054656982,7.403907775878906
2558.34326171875,108.60498809814453,4155.5166015625,0.019292742013931274,1.0120563507080078,7.404014587402344
2558.23974609375,108.61921691894531,4154.7197265625,0.017881283536553383,1.011257290840149,7.404014587402344
2558.136474609375,108.63343811035156,4153.92578125,0.01747535727918148,1.0109020471572876,7.404121398925781
2558.033935546875,108.64759826660156,4153.13525390625,0.01555587351322174,1.009139895439148,7.404205322265625
2557.931396484375,108.66167449951172,4152.34814453125,0.014241328462958336,1.0068858861923218,7.404350280761719
2557.829833984375,108.67569732666016,4151.564453125,0.01360638439655304,1.003894329071045,7.4044342041015625
2557.728271484375,108.68966674804688,4150.7841796875,0.013144463300704956,1.0008207559585571,7.404510498046875
2557.62744140625,108.70352172851562,4150.0078125,0.012134499847888947,0.9986897110939026,7.404541015625
2557.527099609375,108.71737670898438,4149.236328125,0.013025724329054356,1.002794623374939,7.404548645019531
2557.427490234375,108.73145294189453,4148.46923828125,0.01348002441227436,1.0211336612701416,7.404548645019531
2557.32861328125,108.74556732177734,4147.70849609375,0.013981310650706291,1.0425599813461304,7.404548645019531
2557.23046875,108.75961303710938,4146.953125,0.014139222912490368,1.0641024112701416,7.40447998046875
2557.13330078125,108.77406311035156,4146.2060546875,0.015441997908055782,1.0980074405670166,7.404449462890625
2557.037353515625,108.7894287109375,4145.466796875,0.015967724844813347,1.1519522666931152,7.40435791015625
2556.942626953125,108.80509185791016,4144.73681640625,0.016999326646327972,1.2094625234603882,7.404273986816406
2556.848876953125,108.82070922851562,4144.015625,0.016683878377079964,1.2665355205535889,7.404182434082031
2556.75634765625,108.83649444580078,4143.30419921875,0.01714732125401497,1.306061863899231,7.404075622558594
2556.665283203125,108.85289001464844,4142.6025390625,0.017323164269328117,1.3101121187210083,7.4040679931640625
2556.575439453125,108.86936950683594,4141.9111328125,0.018312063068151474,1.3059252500534058,7.404022216796875
2556.48681640625,108.88605499267578,4141.228515625,0.019610324874520302,1.3234105110168457,7.403968811035156
2556.3994140625,108.90333557128906,4140.5556640625,0.020114876329898834,1.3807294368743896,7.403907775878906
2556.31298828125,108.92074584960938,4139.89208984375,0.019905900582671165,1.4482117891311646,7.403816223144531
2556.228271484375,108.93798828125,4139.23779296875,0.019798098132014275,1.516219973564148,7.4036865234375
2556.144287109375,108.95502471923828,4138.5927734375,0.020501775667071342,1.5800138711929321,7.40362548828125
2556.061767578125,108.9728012084961,4137.95654296875,0.020889144390821457,1.5992954969406128,7.4036407470703125
2555.980224609375,108.99087524414062,4137.32958984375,0.021169451996684074,1.5993638038635254,7.403656005859375
2555.89990234375,109.00885772705078,4136.7109375,0.02163885347545147,1.5957574844360352,7.403694152832031
2555.8203125,109.02716827392578,4136.09814453125,0.023783477023243904,1.6248950958251953,7.4035186767578125
2555.74169921875,109.04593658447266,4135.4931640625,0.023538226261734962,1.682418942451477,7.404090881347656
2555.663818359375,109.06475067138672,4134.8935546875,0.023997914046049118,1.746158242225647,7.401611328125
2555.5869140625,109.08341217041016,4134.2998046875,0.023701857775449753,1.8100478649139404,7.406562805175781
2555.51025390625,109.10185241699219,4133.7119140625,0.023918431252241135,1.8724143505096436,7.40045166015625
2555.4345703125,109.1208267211914,4133.12939453125,0.02514316886663437,1.9008688926696777,7.407318115234375
2555.359619140625,109.1402816772461,4132.552734375,0.025713739916682243,1.903792142868042,7.398750305175781
2555.285400390625,109.15975952148438,4131.98095703125,0.025494052097201347,1.9009780883789062,7.4093780517578125
2555.2119140625,109.17922973632812,4131.41357421875,0.02712913230061531,1.904809832572937,7.3956146240234375
2555.138916015625,109.19923400878906,4130.8515625,0.027010111138224602,1.9476419687271118,7.409065246582031
2555.06640625,109.21946716308594,4130.29345703125,0.027535242959856987,2.0037999153137207,7.3949737548828125
2554.994384765625,109.2396469116211,4129.74072265625,0.027489030733704567,2.061760902404785,7.4090728759765625
2554.92333984375,109.25965881347656,4129.19287109375,0.027040209621191025,2.1188817024230957,7.394378662109375
2554.852783203125,109.2794418334961,4128.64892578125,0.027699407190084457,2.175196647644043,7.409217834472656
2554.78271484375,109.29971313476562,4128.1103515625,0.02923145703971386,2.1983988285064697,7.3939208984375
2554.71337890625,109.32044982910156,4127.57666015625,0.029336778447031975,2.199129581451416,7.409637451171875
2554.64453125,109.34115600585938,4127.046875,0.030454155057668686,2.195373058319092,7.393791198730469
2554.576416015625,109.36172485351562,4126.52197265625,0.029881635680794716,2.1919169425964355,7.40997314453125
2554.509033203125,109.38241577148438,4126.001953125,0.0312773771584034,2.205857276916504,7.3934326171875
2554.44189453125,109.40311431884766,4125.4853515625,0.03157329559326172,2.2296946048736572,7.410285949707031
2554.37548828125,109.42374420166016,4124.9736328125,0.027570335194468498,2.2579853534698486,7.39312744140625
2554.309814453125,109.44445037841797,4124.46630859375,0.01726214773952961,2.298973321914673,7.410408020019531
2554.244384765625,109.46509552001953,4123.962890625,0.012590889818966389,2.3440184593200684,7.392913818359375
2554.179443359375,109.48563385009766,4123.4638671875,0.006040566135197878,2.386864185333252,7.4112548828125
2554.115234375,109.50638580322266,4122.9697265625,-0.0004271582292858511,2.411111354827881,7.39324951171875
2554.0517578125,109.52706146240234,4122.4794921875,-0.017181456089019775,2.4243550300598145,7.412300109863281
2553.98828125,109.54769897460938,4121.9931640625,-0.028961120173335075,2.4372777938842773,7.3943023681640625
2553.92578125,109.56845092773438,4121.51171875,-0.04025282338261604,2.438725709915161,7.4144287109375
2553.86376953125,109.58918762207031,4121.0341796875,-0.048461753875017166,2.436690330505371,7.39605712890625
2553.8037109375,109.60971069335938,4120.56005859375,-0.06741340458393097,2.43133544921875,7.346611022949219
2553.74560546875,109.62997436523438,4120.09033203125,-0.08776860684156418,2.424232006072998,7.191009521484375
2553.689697265625,109.64999389648438,4119.62451171875,-0.10580463707447052,2.425830364227295,7.045722961425781
2553.63525390625,109.66989135742188,4119.16259765625,-0.11117560416460037,2.4266157150268555,6.8472900390625
2553.5830078125,109.68963623046875,4118.703125,-0.11343369632959366,2.4261581897735596,6.6845703125
2553.53271484375,109.70919799804688,4118.24853515625,-0.11926277726888657,2.423166513442993,6.478935241699219
2553.484130859375,109.72853088378906,4117.79736328125,-0.1332091987133026,2.41782546043396,6.315254211425781
2553.43701171875,109.74761199951172,4117.349609375,-0.14254771173000336,2.421083450317383,6.10980224609375
2553.392333984375,109.7666015625,4116.90576171875,-0.1461792141199112,2.4233031272888184,5.9484710693359375
2553.348876953125,109.78549194335938,4116.46435546875,-0.14331039786338806,2.423036813735962,5.744903564453125
2553.307373046875,109.80421447753906,4116.02783203125,-0.14627057313919067,2.4206666946411133,5.586174011230469
2553.267822265625,109.82276153564453,4115.59375,-0.14947502315044403,2.418050765991211,5.380439758300781
2553.22998046875,109.84110260009766,4115.1630859375,-0.1573791652917862,2.420851230621338,5.212066650390625
2553.19384765625,109.85923767089844,4114.73583984375,-0.16949473321437836,2.4208168983459473,4.99114990234375
2553.159912109375,109.87730407714844,4114.3115234375,-0.1721801459789276,2.4200656414031982,4.812019348144531
2553.127685546875,109.89527130126953,4113.890625,-0.16931143403053284,2.419041156768799,4.585655212402344
2553.09716796875,109.91305541992188,4113.47265625,-0.17727644741535187,2.413139820098877,4.405326843261719
2553.068359375,109.93061065673828,4113.0576171875,-0.18618790805339813,2.4102437496185303,4.180061340332031
2553.041259765625,109.94808959960938,4112.64599609375,-0.189453125,2.4113707542419434,4.002830505371094
2553.015625,109.96551513671875,4112.2373046875,-0.18249526619911194,2.4111931324005127,3.7797317504882812
2552.991943359375,109.98277282714844,4111.83154296875,-0.18231211602687836,2.4138433933258057,3.60504150390625
2552.9697265625,109.99987030029297,4111.4287109375,-0.18511971831321716,2.413959503173828,3.383819580078125
2552.948974609375,110.016845703125,4111.02880859375,-0.18875133991241455,2.411268472671509,3.212738037109375
2552.9296875,110.03366088867188,4110.6318359375,-0.19107048213481903,2.414048194885254,2.9938583374023438
2552.912109375,110.05025482177734,4110.23779296875,-0.20199571549892426,2.416541337966919,2.8250656127929688
2552.89599609375,110.06669616699219,4109.8466796875,-0.2118530422449112,2.4118967056274414,2.6084747314453125
2552.881103515625,110.08308410644531,4109.45849609375,-0.2154846340417862,2.4066717624664307,2.4432449340820312
2552.86767578125,110.09941864013672,4109.0732421875,-0.2095642387866974,2.4053943157196045,2.2295455932617188
2552.855712890625,110.1156997680664,4108.69091796875,-0.2042846530675888,2.4048821926116943,2.067047119140625
2552.844970703125,110.13178253173828,4108.31103515625,-0.20205694437026978,2.4081265926361084,1.8547592163085938
2552.835693359375,110.14773559570312,4107.9345703125,-0.20834346115589142,2.4063234329223633,1.6949462890625
2552.82763671875,110.16349029541016,4107.560546875,-0.21542367339134216,2.4007363319396973,1.4855422973632812
2552.821044921875,110.17904663085938,4107.189453125,-0.22937017679214478,2.3991310596466064,1.3284912109375
2552.8154296875,110.1944808959961,4106.82080078125,-0.23272711038589478,2.4035844802856445,1.1210403442382812
2552.81103515625,110.20978546142578,4106.455078125,-0.22830207645893097,2.4012553691864014,0.96728515625
2552.807861328125,110.22486877441406,4106.09228515625,-0.22445665299892426,2.3880388736724854,0.7624435424804688
2552.805908203125,110.23985290527344,4105.73193359375,-0.21813969314098358,2.373804807662964,0.6116409301757812
2552.80517578125,110.25471496582031,4105.375,-0.20867913961410522,2.3602468967437744,0.40859222412109375
2552.8056640625,110.26936340332031,4105.0205078125,-0.21426385641098022,2.3462107181549072,0.25927734375
2552.806884765625,110.2835693359375,4104.66845703125,-0.21981807053089142,2.323042869567871,0.0584716796875
2552.8095703125,110.29739379882812,4104.3193359375,-0.2278137505054474,2.290804386138916,-0.08821868896484375
2552.811279296875,110.31105041503906,4103.97265625,-0.21887196600437164,2.254563331604004,-0.21845245361328125
2552.81298828125,110.32465362548828,4103.62841796875,-0.20916736125946045,2.2181856632232666,-0.2328948974609375
2552.814208984375,110.33792114257812,4103.28662109375,-0.2081299126148224,2.189990758895874,-0.27762603759765625
2552.81591796875,110.3508071899414,4102.947265625,-0.2099609375,2.1533877849578857,-0.2569580078125
2552.8173828125,110.36329650878906,4102.6103515625,-0.20556633174419403,2.1030972003936768,-0.2869110107421875
2552.819091796875,110.37550354003906,4102.2763671875,-0.2046203464269638,2.048633098602295,-0.2603912353515625
2552.820556640625,110.38748931884766,4101.9443359375,-0.2106018215417862,1.999203085899353,-0.288818359375
2552.822265625,110.3990478515625,4101.61474609375,-0.2115783542394638,1.9627845287322998,-0.261444091796875
2552.823486328125,110.41011810302734,4101.28759765625,-0.20153799653053284,1.923429012298584,-0.2894287109375
2552.8251953125,110.42081451416016,4100.9619140625,-0.2000121921300888,1.8741832971572876,-0.26207733154296875
2552.82666015625,110.43136596679688,4100.6396484375,-0.19592270255088806,1.8233530521392822,-0.2906646728515625
2552.828369140625,110.44185638427734,4100.31884765625,-0.19232183694839478,1.7753504514694214,-0.26282501220703125
2552.829833984375,110.45211791992188,4100.0009765625,-0.1881103515625,1.7391027212142944,-0.2923583984375
2552.831298828125,110.46175384521484,4099.6845703125,-0.1783447265625,1.704999566078186,-0.265411376953125
2552.832763671875,110.47096252441406,4099.37060546875,-0.17550653219223022,1.6689703464508057,-0.2950439453125
2552.83447265625,110.48002624511719,4099.05859375,-0.17285148799419403,1.633972406387329,-0.2673187255859375
2552.835693359375,110.48905181884766,4098.74853515625,-0.16671739518642426,1.601023554801941,-0.2976226806640625
2552.83740234375,110.49799346923828,4098.44091796875,-0.1561279296875,1.572780728340149,-0.26966094970703125
2552.838623046875,110.50638580322266,4098.134765625,-0.14682011306285858,1.5489979982376099,-0.29965972900390625
2552.84033203125,110.51438903808594,4097.83154296875,-0.14224247634410858,1.5234804153442383,-0.27204132080078125
2552.841796875,110.52230072021484,4097.52978515625,-0.1330261081457138,1.495333194732666,-0.302520751953125
2552.84326171875,110.5301742553711,4097.22998046875,-0.12615962326526642,1.4645017385482788,-0.2744293212890625
2552.8447265625,110.5379638671875,4096.9326171875,-0.11791986227035522,1.432659387588501,-0.304534912109375
2552.846435546875,110.54523468017578,4096.63720703125,-0.11111452430486679,1.403473973274231,-0.27619171142578125
2552.84619140625,110.55218505859375,4096.34326171875,-0.10150149464607239,1.3749921321868896,-0.23188018798828125
2552.84326171875,110.55904388427734,4096.05126953125,-0.08435052633285522,1.3460116386413574,0.0047607421875
2552.8349609375,110.56590270996094,4095.76171875,-0.05828847736120224,1.3160202503204346,0.40447998046875
2552.818115234375,110.57279205322266,4095.474609375,-0.03198230266571045,1.285598635673523,1.2032318115234375
2552.79248046875,110.57928466796875,4095.190185546875,-0.012542703188955784,1.2552248239517212,2.1850128173828125
2552.760498046875,110.58538055419922,4094.906982421875,-0.017791789025068283,1.223860502243042,3.31640625
2552.721923828125,110.59129333496094,4094.625732421875,-0.029266398400068283,1.1935687065124512,4.425956726074219
2552.677734375,110.59717559814453,4094.344970703125,-0.047759927809238434,1.1642261743545532,5.605926513671875
2552.627685546875,110.60304260253906,4094.06494140625,-0.070556640625,1.1372605562210083,6.7344207763671875
2552.57177734375,110.60869598388672,4093.785888671875,-0.07852175831794739,1.112507939338684,7.92376708984375
2552.509521484375,110.61398315429688,4093.507080078125,-0.08877556025981903,1.085679054260254,9.05755615234375
2552.442138671875,110.61905670166016,4093.2294921875,-0.1051941066980362,1.0568077564239502,10.250106811523438
2552.368408203125,110.62416076660156,4092.951904296875,-0.1235046237707138,1.0266183614730835,11.388885498046875
2552.289306640625,110.62911224365234,4092.67529296875,-0.17840570211410522,0.98196941614151,12.574043273925781
2552.195556640625,110.64376068115234,4092.39404296875,1.0361109972000122,1.4668240547180176,13.693496704101562
2552.106201171875,110.65099334716797,4092.11279296875,1.0489249229431152,1.456100583076477,14.816993713378906
2552.010986328125,110.65471649169922,4091.833984375,0.8289182782173157,1.333922266960144,15.926498413085938
2551.9091796875,110.6572265625,4091.556884765625,0.6000210642814636,1.2023385763168335,17.128196716308594
2551.80029296875,110.65960693359375,4091.281494140625,0.40425023436546326,1.085699439048767,18.295822143554688
2551.68505859375,110.66212463378906,4091.008056640625,0.25400736927986145,0.9915521740913391,19.53076171875
2551.56298828125,110.66481018066406,4090.735595703125,0.15635491907596588,0.9139134287834167,20.717185974121094
2551.434814453125,110.66765594482422,4090.464599609375,0.0861930102109909,0.8519431352615356,21.964019775390625
2551.30078125,110.66981506347656,4090.193359375,-0.0547790490090847,0.8363975882530212,23.121726989746094
2551.163330078125,110.68972778320312,4089.919189453125,-0.1554260104894638,0.6818236112594604,24.124969482421875
2551.023193359375,110.69953155517578,4089.63623046875,-0.51690673828125,0.7564707398414612,24.832901000976562
2550.880859375,110.7018814086914,4089.350341796875,-0.5540771484375,0.7380087375640869,25.203468322753906
2550.73779296875,110.70170593261719,4089.060791015625,-0.5095215439796448,0.6998279690742493,25.42644500732422
2550.593994140625,110.70110321044922,4088.768310546875,-0.4585571587085724,0.6636689305305481,25.550086975097656
2550.447265625,110.70093536376953,4088.472412109375,-0.4143371284008026,0.6302556991577148,25.718917846679688
2550.296630859375,110.70146942138672,4088.1748046875,-0.368499755859375,0.6004282236099243,25.96405029296875
2550.14013671875,110.70259857177734,4087.875244140625,-0.31317138671875,0.5775812268257141,26.389694213867188
2549.9765625,110.70339965820312,4087.576416015625,-0.1809692084789276,0.5947250127792358,26.96906280517578
2549.812255859375,110.71680450439453,4087.2783203125,-0.9981688857078552,0.1012917011976242,27.879302978515625
2549.6318359375,110.7209243774414,4086.981201171875,-0.981414794921875,0.0675983801484108,28.958694458007812
2549.443359375,110.72203063964844,4086.685302734375,-0.8262633085250854,0.13555192947387695,30.102394104003906
2549.247802734375,110.722412109375,4086.390869140625,-0.6711425185203552,0.21334095299243927,31.262062072753906
2549.044677734375,110.72295379638672,4086.098388671875,-0.5446471571922302,0.27777013182640076,32.43724060058594
2548.834228515625,110.72386169433594,4085.8076171875,-0.45230090618133545,0.32821106910705566,33.618370056152344
2548.615966796875,110.72520446777344,4085.5185546875,-0.38568106293678284,0.3648345470428467,34.803749084472656
2548.389892578125,110.72689056396484,4085.231201171875,-0.334991455078125,0.3910556435585022,35.987022399902344
2548.135009765625,110.74833679199219,4084.952392578125,2.554438352584839,1.5567092895507812,37.18511962890625
2547.89013671875,110.76212310791016,4084.66748046875,3.1732707023620605,1.8579274415969849,38.402679443359375
2547.640625,110.76930236816406,4084.383544921875,3.3201887607574463,1.9318983554840088,39.57691955566406
2547.38330078125,110.77342224121094,4084.10302734375,3.358408212661743,1.944124460220337,40.80699157714844
2547.123291015625,110.7852783203125,4083.81591796875,1.7950495481491089,2.554190158843994,42.00959777832031
2546.851806640625,110.80699920654297,4083.531982421875,-0.04821767657995224,3.2964882850646973,43.22425842285156
2546.566162109375,110.81776428222656,4083.2607421875,-0.436492919921875,3.450932502746582,44.37492370605469
2546.272216796875,110.82294464111328,4082.99267578125,-0.48263537883758545,3.462646245956421,45.533294677734375
2545.974609375,110.85547637939453,4082.747802734375,1.707467794418335,2.152069568634033,46.5159912109375
2545.681396484375,110.85829162597656,4082.478271484375,1.204214096069336,1.8069264888763428,47.155059814453125
2545.386474609375,110.85588836669922,4082.20556640625,0.5198863744735718,1.4401862621307373,47.46266174316406
2545.0908203125,110.85298919677734,4081.932373046875,-0.3255309760570526,1.00814950466156,47.596588134765625
2544.800048828125,110.85503387451172,4081.666259765625,-1.403106689453125,0.18624559044837952,47.458648681640625
2544.50341796875,110.85114288330078,4081.399658203125,-1.765136957168579,-0.719423770904541,47.45460510253906
2544.202880859375,110.84237670898438,4081.130126953125,-1.749358892440796,-1.6611019372940063,47.42826843261719
2543.89990234375,110.83100128173828,4080.857177734375,-1.5892939567565918,-2.5784850120544434,47.446044921875
2543.593994140625,110.81393432617188,4080.577392578125,-1.708221673965454,-3.2723708152770996,47.41069030761719
2543.2841796875,110.79228210449219,4080.29345703125,-2.001922369003296,-3.817870616912842,47.404144287109375
2542.97021484375,110.76871490478516,4080.005859375,-2.3126220703125,-4.313257217407227,47.35601806640625
2542.65185546875,110.74290466308594,4079.716064453125,-2.484253168106079,-4.728211879730225,47.344879150390625
2542.32568359375,110.71073150634766,4079.42431640625,-2.221863269805908,-4.908016681671143,47.36997985839844
2541.99267578125,110.67324829101562,4079.131103515625,-1.6479188203811646,-4.930938720703125,47.614501953125
2541.653076171875,110.63348388671875,4078.837646484375,-0.9980774521827698,-4.923247814178467,48.095794677734375
2541.30615234375,110.59170532226562,4078.547119140625,-0.5148316621780396,-4.978668212890625,48.93025207519531
2540.949462890625,110.55177307128906,4078.26171875,-0.5085448026657104,-4.903870582580566,50.094818115234375
2540.581298828125,110.51400756835938,4077.98486328125,-0.7162781357765198,-4.74237060546875,51.587005615234375
2540.200927734375,110.47710418701172,4077.717529296875,-0.9647520184516907,-4.558618068695068,53.20964050292969
2539.806884765625,110.44263458251953,4077.461181640625,-0.8718565702438354,-4.227996349334717,55.017181396484375
2539.400634765625,110.41004943847656,4077.215576171875,-0.5976256132125854,-3.809107542037964,56.84230041503906
2538.98388671875,110.37752532958984,4076.9794921875,-0.3501281440258026,-3.3953208923339844,58.70921325683594
2538.557373046875,110.3460693359375,4076.75439453125,-0.2725829780101776,-3.1181588172912598,60.51976013183594
2538.1259765625,110.31270599365234,4076.5458984375,-0.03491215407848358,-3.2437386512756348,62.32875061035156
2537.68896484375,110.2740478515625,4076.348388671875,0.4637816250324249,-3.618743419647217,64.07308959960938
2537.24365234375,110.23323822021484,4076.16015625,0.9024853110313416,-3.9949569702148438,65.94181823730469
2536.786865234375,110.19757843017578,4075.985595703125,1.1108882427215576,-4.353384971618652,67.85479736328125
2536.3203125,110.16524505615234,4075.826171875,1.3044772148132324,-4.743347644805908,69.78477478027344
2535.845703125,110.1323013305664,4075.6796875,1.4305870532989502,-5.153841972351074,71.751708984375
2535.370361328125,110.09148406982422,4075.542724609375,0.7922960519790649,-5.821069240570068,73.73356628417969
2534.89013671875,110.04098510742188,4075.415771484375,-0.0367431640625,-6.434754848480225,75.63040161132812
2534.39892578125,109.98947143554688,4075.3095703125,0.017902005463838577,-6.62100076675415,77.60423278808594
2533.900390625,109.93566131591797,4075.219970703125,0.584022045135498,-6.466372013092041,79.61363220214844
2533.394775390625,109.88103485107422,4075.14501953125,1.2133169174194336,-6.245476722717285,81.45631408691406
2532.88037109375,109.83106994628906,4075.0830078125,1.4855799674987793,-6.231536388397217,82.98997497558594
2532.359375,109.78042602539062,4075.02783203125,1.3429447412490845,-6.152347087860107,84.21147155761719
2531.8330078125,109.7220687866211,4074.97021484375,0.49440091848373413,-5.748047828674316,85.10122680664062
2531.301025390625,109.66546630859375,4074.920166015625,-0.1369933933019638,-5.465421676635742,85.49089050292969
2530.76318359375,109.61263275146484,4074.875732421875,-0.4841003119945526,-5.375549793243408,85.67652893066406
2530.219482421875,109.56033325195312,4074.834716796875,-0.6889649629592896,-5.344117164611816,85.73965454101562
2529.670166015625,109.50823974609375,4074.794189453125,-0.8226929306983948,-5.338318347930908,85.78926086425781
2529.11572265625,109.45626831054688,4074.75439453125,-0.9226987361907959,-5.348413467407227,85.79264831542969
2528.55615234375,109.404296875,4074.714599609375,-0.9966427683830261,-5.371117115020752,85.81385803222656
2527.991455078125,109.35196685791016,4074.673583984375,-1.072509527206421,-5.390200614929199,85.80488586425781
2527.42138671875,109.298583984375,4074.63232421875,-1.1260982751846313,-5.381164073944092,85.81887817382812
2526.846923828125,109.24447631835938,4074.591552734375,-1.1622005701065063,-5.363494396209717,85.80807495117188
2526.267333984375,109.1899185180664,4074.55078125,-1.1856077909469604,-5.3477373123168945,85.8203125
2525.68310546875,109.135009765625,4074.508544921875,-1.2053223848342896,-5.335265159606934,85.80960083007812
2525.09423828125,109.07979583740234,4074.466552734375,-1.2175289392471313,-5.326174259185791,85.82081604003906
2523.90673828125,108.96834564208984,4074.3818359375,-1.247283697128296,-5.331508636474609,85.82106018066406
2523.90673828125,108.96834564208984,4074.3818359375,-1.247283697128296,-5.331508636474609,85.82106018066406
2523.310546875,108.9122314453125,4074.339599609375,-1.2549742460250854,-5.3499436378479,85.80958557128906
2522.71533203125,108.8561782836914,4074.29736328125,-1.2582091093063354,-5.372524261474609,85.82070922851562
2522.122802734375,108.80037689208984,4074.255126953125,-1.2628474235534668,-5.395296096801758,85.80854797363281
2521.53369140625,108.74490356445312,4074.213134765625,-1.2666319608688354,-5.417972087860107,85.81962585449219
2520.94970703125,108.6896743774414,4074.1708984375,-1.275604486465454,-5.429323673248291,85.80711364746094
2520.37158203125,108.63477325439453,4074.134033203125,-1.2204283475875854,-5.440825939178467,86.07417297363281
2519.80126953125,108.58016967773438,4074.11279296875,-1.062591552734375,-5.474020481109619,87.00149536132812
2519.239990234375,108.52597045898438,4074.108642578125,-0.8427733778953552,-5.524291038513184,88.51954650878906
2518.6875,108.47225952148438,4074.1220703125,-0.61456298828125,-5.575442314147949,90.317138671875
2518.14404296875,108.41913604736328,4074.152099609375,-0.385101318359375,-5.622221946716309,92.27900695800781
2517.609375,108.36663055419922,4074.19970703125,-0.16070552170276642,-5.661680221557617,94.2752685546875
2517.083740234375,108.3146743774414,4074.260498046875,0.021989697590470314,-5.68899393081665,96.14187622070312
2516.56640625,108.26309204101562,4074.333984375,0.1748231053352356,-5.697934627532959,97.77731323242188
2516.05810546875,108.21221160888672,4074.420166015625,0.3282226324081421,-5.691985607147217,99.34388732910156
2515.56005859375,108.16230010986328,4074.520751953125,0.48927566409111023,-5.669828414916992,100.90289306640625
2515.072021484375,108.11337280273438,4074.63427734375,0.6559777855873108,-5.638915061950684,102.52867126464844
2514.592529296875,108.06499481201172,4074.755126953125,0.7495738863945007,-5.614988803863525,103.82533264160156
2514.119384765625,108.01715850830078,4074.875732421875,0.7543984651565552,-5.598384857177734,104.57221984863281
2513.65234375,107.96998596191406,4074.99609375,0.7262307405471802,-5.579984188079834,104.89094543457031
2513.19140625,107.92376708984375,4075.11669921875,0.6995911002159119,-5.561453819274902,105.06492614746094
2512.7373046875,107.87863159179688,4075.23681640625,0.6747564077377319,-5.5447678565979,105.11639404296875
2512.288818359375,107.83438873291016,4075.356689453125,0.6611780524253845,-5.531919956207275,105.16911315917969
2511.84423828125,107.79312896728516,4075.47265625,0.19535504281520844,-5.333312034606934,105.16841125488281
2511.403076171875,107.75757598876953,4075.58740234375,-0.6759338974952698,-4.951381206512451,105.16647338867188
2510.971923828125,107.71613311767578,4075.70654296875,-0.6086119413375854,-4.961640357971191,105.14573669433594
2510.547119140625,107.6725845336914,4075.8232421875,-0.377105712890625,-5.0555419921875,105.16737365722656
2510.127685546875,107.62889099121094,4075.937744140625,-0.1624145805835724,-5.156280040740967,105.14523315429688
2509.71337890625,107.5858154296875,4076.0498046875,0.018613561987876892,-5.248167037963867,105.16658020019531
2509.304443359375,107.5436019897461,4076.16064453125,0.15545278787612915,-5.324213981628418,105.14262390136719
2508.901123046875,107.50861358642578,4076.26513671875,-0.2535399794578552,-5.663264751434326,105.16845703125
2508.50244140625,107.47438049316406,4076.371826171875,-0.5204160809516907,-5.911617279052734,105.2132568359375
2508.108154296875,107.43444061279297,4076.47998046875,-0.362823486328125,-5.896296977996826,105.24629211425781
2507.71875,107.39320373535156,4076.58642578125,-0.1567990928888321,-5.832031726837158,105.25527954101562
2507.334716796875,107.35226440429688,4076.691162109375,0.022703299298882484,-5.76962423324585,105.26290893554688
2506.955322265625,107.31208038330078,4076.7939453125,0.16422833502292633,-5.716089248657227,105.26222229003906
2506.580810546875,107.27274322509766,4076.8955078125,0.28723955154418945,-5.679076671600342,105.2667236328125
2506.211669921875,107.23336029052734,4076.99560546875,0.3938083350658417,-5.70449161529541,105.26457214355469
2505.84716796875,107.19380950927734,4077.09423828125,0.4660584628582001,-5.775839805603027,105.26702880859375
2505.487548828125,107.15458679199219,4077.19189453125,0.5141062140464783,-5.860964298248291,105.26414489746094
2505.132080078125,107.11591339111328,4077.2880859375,0.5512725710868835,-5.949886798858643,105.26751708984375
2504.78125,107.077880859375,4077.38330078125,0.5757423043251038,-6.039150714874268,105.26492309570312
2504.434814453125,107.04044342041016,4077.47705078125,0.5962021946907043,-6.127779006958008,105.26866149902344
2504.092529296875,107.00363159179688,4077.56982421875,0.609092652797699,-6.215909004211426,105.26597595214844
2503.75439453125,106.96729278564453,4077.661865234375,0.6275159120559692,-6.299742698669434,105.2703857421875
