3095.16357421875,345.8824462890625,2918.88330078125,-0.24240104854106903,-0.13122841715812683,-2.1883926391601562
3095.20458984375,345.88134765625,2918.53173828125,-0.25588980317115784,-0.12844853103160858,-3.6061553955078125
3095.255859375,345.8802185058594,2918.169921875,-0.2706908583641052,-0.1252724975347519,-5.047454833984375
3095.3173828125,345.87908935546875,2917.799072265625,-0.2843017280101776,-0.12292973697185516,-6.5225372314453125
3095.3896484375,345.87799072265625,2917.420166015625,-0.2970886528491974,-0.12182324379682541,-8.040382385253906
3095.473388671875,345.8768310546875,2917.034423828125,-0.3097533881664276,-0.12038891017436981,-9.588211059570312
3095.569091796875,345.8757019042969,2916.640869140625,-0.324798583984375,-0.11859256774187088,-11.178153991699219
3095.694091796875,345.8945617675781,2916.24462890625,-2.819977045059204,0.8936277627944946,-12.963470458984375
3095.816162109375,345.8992004394531,2915.8408203125,-3.0558173656463623,1.0073435306549072,-14.703422546386719
3095.95361328125,345.9015197753906,2915.43017578125,-3.2703559398651123,1.1022627353668213,-16.39507293701172
3096.095947265625,345.9119567871094,2915.01123046875,-1.803588628768921,1.8111884593963623,-18.00519561767578
3096.2587890625,345.9229736328125,2914.598388671875,-1.167144536972046,2.1842944622039795,-19.57111358642578
3096.439208984375,345.92901611328125,2914.18017578125,-0.9034729599952698,2.382492780685425,-21.224693298339844
3096.645751953125,345.9532775878906,2913.771240234375,-2.639892816543579,1.5342789888381958,-23.002029418945312
3097.104736328125,346.03338623046875,2912.938720703125,-8.760355949401855,1.6506038904190063,-26.800071716308594
3097.104736328125,346.03338623046875,2912.938720703125,-8.760355949401855,1.6506038904190063,-26.800071716308594
3097.32080078125,346.0892028808594,2912.51220703125,-8.185251235961914,1.7938055992126465,-28.824920654296875
3097.5595703125,346.1453857421875,2912.092041015625,-8.179240226745605,3.3010644912719727,-30.801074981689453
3097.811279296875,346.19622802734375,2911.676513671875,-7.645638942718506,5.36165714263916,-32.92497253417969
3098.078125,346.24176025390625,2911.268798828125,-6.791571140289307,7.688668251037598,-35.07770919799805
3098.364990234375,346.2860107421875,2910.87109375,-5.980656147003174,10.05322551727295,-37.19474792480469
3098.684326171875,346.34906005859375,2910.490966796875,-6.58234167098999,11.612127304077148,-39.06712341308594
3099.018798828125,346.43670654296875,2910.11962890625,-6.869117259979248,12.334112167358398,-40.917236328125
3099.364013671875,346.54345703125,2909.751220703125,-6.49207067489624,12.464943885803223,-42.54244613647461
3099.717041015625,346.65771484375,2909.378173828125,-6.05280065536499,12.41357421875,-43.54323959350586
3100.075927734375,346.77459716796875,2908.997802734375,-5.722933769226074,12.307849884033203,-43.98223876953125
3100.44189453125,346.8915100097656,2908.611083984375,-5.407778739929199,12.247798919677734,-44.18073654174805
3100.81494140625,347.00848388671875,2908.220947265625,-5.231050968170166,12.17419719696045,-44.27967834472656
3101.1943359375,347.1244201660156,2907.827392578125,-5.344180583953857,12.003681182861328,-44.3403434753418
3101.578369140625,347.2420959472656,2907.427978515625,-5.295748710632324,11.919655799865723,-44.37159729003906
3101.967529296875,347.3611145019531,2907.023681640625,-5.223055362701416,11.86539077758789,-44.38833999633789
3102.361083984375,347.4813537597656,2906.615234375,-5.153353691101074,11.824914932250977,-44.39924240112305
3102.759521484375,347.6025695800781,2906.2021484375,-5.093873977661133,11.791556358337402,-44.40589904785156
3103.164306640625,347.7223815917969,2905.784912109375,-5.264894485473633,11.881974220275879,-44.39750671386719
3103.572509765625,347.8440856933594,2905.36279296875,-5.315464019775391,11.912177085876465,-44.39350509643555
3103.984375,347.9676818847656,2904.936279296875,-5.311525344848633,11.910633087158203,-44.39289855957031
3104.402099609375,348.0930480957031,2904.507080078125,-5.289126396179199,11.916036605834961,-44.51432800292969
3104.828125,348.22015380859375,2904.07861328125,-5.230533599853516,11.943971633911133,-44.91127395629883
3105.264892578125,348.3492431640625,2903.653564453125,-5.107728958129883,12.005128860473633,-45.7069091796875
3105.714599609375,348.4803466796875,2903.236572265625,-4.905152797698975,12.1026029586792,-46.95814895629883
3106.177490234375,348.6134948730469,2902.8291015625,-4.6205153465271,12.221735000610352,-48.556785583496094
3106.654052734375,348.7488098144531,2902.42919921875,-4.298189163208008,12.335000038146973,-50.19483947753906
3107.1416015625,348.88604736328125,2902.03271484375,-3.9972846508026123,12.421285629272461,-51.51457977294922
3107.635986328125,349.0248718261719,2901.635986328125,-3.7829298973083496,12.46934986114502,-52.299861907958984
3108.137451171875,349.16522216796875,2901.23876953125,-3.6567084789276123,12.492592811584473,-52.69313049316406
3108.646240234375,349.3070983886719,2900.841064453125,-3.5896313190460205,12.504129409790039,-52.89100646972656
3109.159423828125,349.4482727050781,2900.44091796875,-3.2480783462524414,12.39250373840332,-52.99967956542969
3109.67333984375,349.5812072753906,2900.03564453125,-1.8793021440505981,11.847345352172852,-53.05482482910156
3110.19921875,349.7196044921875,2899.633056640625,-1.315521478652954,11.617277145385742,-53.10826110839844
3110.732177734375,349.8635559082031,2899.22998046875,-1.142883539199829,11.553257942199707,-53.138038635253906
3111.2724609375,350.0027160644531,2898.830322265625,-2.155579090118408,11.083907127380371,-53.1451530456543
3111.815673828125,350.1317138671875,2898.41796875,-2.460602283477783,10.997621536254883,-53.18888473510742
3112.36181640625,350.2654113769531,2897.998291015625,-1.9314886331558228,11.275227546691895,-53.22095489501953
3112.912841796875,350.4101867675781,2897.580810546875,-1.7636414766311646,11.330907821655273,-53.23255920410156
3113.471435546875,350.5552673339844,2897.162353515625,-2.135376453399658,11.568802833557129,-53.22480010986328
3114.0390625,350.6942443847656,2896.740966796875,-3.128875970840454,12.129609107971191,-53.20845031738281
3114.60400390625,350.84185791015625,2896.312744140625,-3.401916980743408,12.296170234680176,-53.20359802246094
3115.171875,350.9947204589844,2895.882080078125,-3.439239740371704,12.321749687194824,-53.2008171081543
3115.744384765625,351.1501770019531,2895.448486328125,-3.4244399070739746,12.314448356628418,-53.19995880126953
3116.321533203125,351.3074035644531,2895.011474609375,-3.4031076431274414,12.300909996032715,-53.200233459472656
3116.903564453125,351.46588134765625,2894.571533203125,-3.3830881118774414,12.288514137268066,-53.20109558105469
3117.4892578125,351.6237487792969,2894.127197265625,-3.1275641918182373,12.184674263000488,-53.2027702331543
3118.07275390625,351.7716369628906,2893.675048828125,-1.63134765625,11.572805404663086,-53.1948356628418
3118.66748046875,351.9246826171875,2893.225341796875,-1.0190736055374146,11.306721687316895,-53.20835494995117
3119.27001953125,352.08056640625,2892.777099609375,-1.2737125158309937,11.056818962097168,-53.216922760009766
3119.878662109375,352.2274169921875,2892.329345703125,-2.546539783477783,10.494755744934082,-53.22499084472656
3120.487548828125,352.3690490722656,2891.86083984375,-1.8847651481628418,10.85643482208252,-53.27134323120117
3121.1015625,352.52276611328125,2891.3955078125,-1.5500489473342896,11.017005920410156,-53.29356002807617
3121.72314453125,352.6795349121094,2890.930908203125,-1.8864744901657104,11.282549858093262,-53.30631637573242
3122.353271484375,352.83050537109375,2890.46337890625,-2.9321296215057373,11.883743286132812,-53.31294250488281
3122.98046875,352.9911193847656,2889.989990234375,-3.2045905590057373,12.052428245544434,-53.32022476196289
3123.610595703125,353.15716552734375,2889.513671875,-3.246460437774658,12.078198432922363,-53.32371139526367
3124.242431640625,353.3226013183594,2889.032470703125,-2.7767953872680664,11.887314796447754,-53.3258171081543
3124.871826171875,353.47760009765625,2888.54296875,-1.010131597518921,11.1526460647583,-53.24573516845703
3125.504638671875,353.6285400390625,2888.050537109375,0.9617130756378174,10.311850547790527,-53.08063888549805
3126.142333984375,353.7698059082031,2887.566162109375,1.6809580326080322,9.013738632202148,-52.89781188964844
3126.781494140625,353.8927307128906,2887.07763671875,2.4599854946136475,7.625728130340576,-52.76530456542969
3127.43017578125,354.0053405761719,2886.5830078125,3.0996382236480713,6.96046781539917,-52.564353942871094
3128.08935546875,354.12542724609375,2886.0849609375,2.2594878673553467,7.10676383972168,-52.25383758544922
3128.75732421875,354.2439880371094,2885.584228515625,-0.38409423828125,7.917684555053711,-51.719993591308594
3129.41552734375,354.3742980957031,2885.06689453125,-2.0247802734375,9.463411331176758,-50.78182601928711
3130.06494140625,354.51373291015625,2884.534912109375,-3.004577875137329,10.952337265014648,-49.61148452758789
3130.711181640625,354.6703186035156,2883.9921875,-4.877963542938232,11.99433708190918,-48.4062385559082
3131.349365234375,354.84246826171875,2883.4345703125,-6.392308712005615,12.637598037719727,-47.53910827636719
3131.976806640625,355.0306701660156,2882.863037109375,-6.791570663452148,12.71731948852539,-47.115684509277344
3132.603271484375,355.22503662109375,2882.28173828125,-6.894414901733398,12.666749000549316,-46.89155960083008
3133.232177734375,355.4211730957031,2881.693115234375,-6.918615341186523,12.600010871887207,-46.76430892944336
3133.86376953125,355.6175231933594,2881.09716796875,-6.924751281738281,12.54342269897461,-46.6896858215332
3134.498779296875,355.81378173828125,2880.494873046875,-6.92606258392334,12.499982833862305,-46.645835876464844
3135.137451171875,356.00982666015625,2879.88671875,-6.930517673492432,12.467164039611816,-46.620361328125
3135.779052734375,356.20611572265625,2879.27392578125,-6.932746410369873,12.442281723022461,-46.605953216552734
3136.424560546875,356.4026794433594,2878.65576171875,-6.93814754486084,12.423041343688965,-46.5982666015625
3137.073974609375,356.5998229980469,2878.03369140625,-6.941259384155273,12.409558296203613,-46.59445571899414
3137.726806640625,356.7976379394531,2877.4072265625,-6.943822860717773,12.39913558959961,-46.59299087524414
3138.38330078125,356.9963073730469,2876.776123046875,-6.94983434677124,12.391963958740234,-46.592838287353516
3139.0439453125,357.1958923339844,2876.1416015625,-6.9529194831848145,12.38575553894043,-46.593528747558594
3139.708251953125,357.396484375,2875.502685546875,-6.958868980407715,12.381185531616211,-46.59465789794922
3140.37744140625,357.5982666015625,2874.86181640625,-6.949010372161865,12.39067268371582,-46.69635009765625
3141.052978515625,357.8016052246094,2874.22021484375,-6.911840915679932,12.420555114746094,-46.97962951660156
3141.736572265625,358.0066833496094,2873.57958984375,-6.836157321929932,12.47619342803955,-47.47770309448242
3142.4287109375,358.2137451171875,2872.9423828125,-6.718175888061523,12.554842948913574,-48.18659973144531
3143.131103515625,358.4229736328125,2872.310546875,-6.558873653411865,12.656920433044434,-49.128211975097656
3143.845947265625,358.6346130371094,2871.686279296875,-6.349827766418457,12.779214859008789,-50.27812194824219
3144.57080078125,358.8484191894531,2871.0673828125,-6.131992816925049,12.888033866882324,-51.34392547607422
3145.3056640625,359.0643005371094,2870.4521484375,-5.953129291534424,12.962892532348633,-52.09913635253906
3146.04931640625,359.2822570800781,2869.840576171875,-5.835361003875732,13.009563446044922,-52.58500289916992
3146.80126953125,359.5021667480469,2869.232177734375,-5.760195255279541,13.03896713256836,-52.89897537231445
3147.5615234375,359.72381591796875,2868.626708984375,-5.707736968994141,13.05810546875,-53.10215377807617
3148.329833984375,359.9471435546875,2868.0234375,-5.667239665985107,13.071157455444336,-53.23346710205078
3149.104736328125,360.1720886230469,2867.421142578125,-5.632877349853516,13.078896522521973,-53.31836700439453
3149.886474609375,360.3986511230469,2866.8193359375,-5.605441093444824,13.083404541015625,-53.37349319458008
3150.673583984375,360.6267395019531,2866.216552734375,-5.581820487976074,13.086074829101562,-53.40949630737305
3151.466552734375,360.8561096191406,2865.613037109375,-5.557161808013916,13.08817195892334,-53.43333435058594
3152.263916015625,361.08685302734375,2865.0078125,-5.539585590362549,13.089571952819824,-53.44922637939453
3153.06640625,361.31878662109375,2864.40087890625,-5.524966716766357,13.091108322143555,-53.46006393432617
3153.873291015625,361.5519714355469,2863.791748046875,-5.508914947509766,13.091436386108398,-53.46759796142578
3154.684326171875,361.7864074707031,2863.179931640625,-5.497470378875732,13.09099292755127,-53.47303771972656
3155.5009765625,362.0221252441406,2862.567626953125,-5.473880290985107,13.101947784423828,-53.585575103759766
3156.323486328125,362.25933837890625,2861.956787109375,-5.417361259460449,13.131598472595215,-53.914344787597656
3157.154296875,362.4981689453125,2861.3486328125,-5.321352481842041,13.178337097167969,-54.445369720458984
3157.99267578125,362.7387390136719,2860.74365234375,-5.191622734069824,13.234030723571777,-55.083030700683594
3158.83740234375,362.9809265136719,2860.1396484375,-5.070528984069824,13.276288986206055,-55.59867858886719
3159.688720703125,363.2245178222656,2859.536376953125,-4.986055374145508,13.305788040161133,-55.93742752075195
3160.5458984375,363.4696044921875,2858.934814453125,-4.932803153991699,13.322932243347168,-56.16081237792969
3161.409912109375,363.7161560058594,2858.333984375,-4.895845890045166,13.336195945739746,-56.30878829956055
3162.280029296875,363.9642028808594,2857.733642578125,-4.869173049926758,13.343900680541992,-56.40693283081055
3163.155517578125,364.213623046875,2857.13330078125,-4.847628116607666,13.348709106445312,-56.47236633300781
3164.036865234375,364.4644470214844,2856.532958984375,-4.830721378326416,13.35226058959961,-56.51622009277344
3164.923095703125,364.7164306640625,2855.932373046875,-4.816653251647949,13.35559368133545,-56.54579162597656
3165.814208984375,364.9697570800781,2855.330810546875,-4.800935745239258,13.358325958251953,-56.56590270996094
3166.7099609375,365.2242736816406,2854.7275390625,-4.790376663208008,13.358736038208008,-56.57975769042969
3167.6103515625,365.4799499511719,2854.122314453125,-4.780641078948975,13.359261512756348,-56.58949279785156
3168.514404296875,365.7367858886719,2853.515625,-4.771699905395508,13.359855651855469,-56.5964469909668
3169.42333984375,365.9947509765625,2852.906494140625,-4.761538028717041,13.36035442352295,-56.6015739440918
3170.336181640625,366.25390625,2852.295654296875,-4.755739688873291,13.360313415527344,-56.60542297363281
3171.253173828125,366.51409912109375,2851.682373046875,-4.748751163482666,13.36035442352295,-56.60844039916992
3172.173583984375,366.7754211425781,2851.067138671875,-4.742982864379883,13.361085891723633,-56.6108512878418
3173.098388671875,367.0378112792969,2850.44921875,-4.738892555236816,13.361058235168457,-56.61289978027344
3174.02685546875,367.30126953125,2849.8291015625,-4.736879825592041,13.360982894897461,-56.61466979980469
3174.96044921875,367.5660705566406,2849.209228515625,-4.713013648986816,13.37523078918457,-56.80619812011719
3175.9033203125,367.83258056640625,2848.595947265625,-4.614626407623291,13.42496109008789,-57.45676803588867
3176.85595703125,368.1008605957031,2847.993408203125,-4.408114433288574,13.510222434997559,-58.6235466003418
3177.819580078125,368.37115478515625,2847.404296875,-4.110902309417725,13.615803718566895,-60.17937469482422
3178.794677734375,368.6434326171875,2846.8271484375,-3.7753608226776123,13.715920448303223,-61.75327682495117
3179.779052734375,368.91754150390625,2846.259033203125,-3.4903879165649414,13.785274505615234,-62.97163200378418
3180.7744140625,369.1933898925781,2845.701171875,-3.2856757640838623,13.83022403717041,-63.826284408569336
3181.779541015625,369.4711608886719,2845.154296875,-3.1462719440460205,13.861137390136719,-64.4284839630127
3182.794921875,369.7508239746094,2844.6181640625,-3.048584222793579,13.881682395935059,-64.85213470458984
3183.819091796875,370.0321350097656,2844.091552734375,-2.9761362075805664,13.893765449523926,-65.14906883239746
3184.852783203125,370.31500244140625,2843.573486328125,-2.916992664337158,13.904106140136719,-65.3571662902832
3185.893798828125,370.5994567871094,2843.061279296875,-2.866913318634033,13.910539627075195,-65.50191688537598
3186.94189453125,370.8853454589844,2842.5546875,-2.822235584259033,13.915539741516113,-65.60283660888672
3187.99658203125,371.172607421875,2842.0517578125,-2.783325433731079,13.918203353881836,-65.67308616638184
3189.057373046875,371.4612121582031,2841.552001953125,-2.7490851879119873,13.920108795166016,-65.72222137451172
3190.1240234375,371.7509765625,2841.053955078125,-2.720886707305908,13.923005104064941,-65.75679397583008
3191.195556640625,372.0420227050781,2840.556884765625,-2.687958002090454,13.922855377197266,-65.78108596801758
3192.272216796875,372.3341979980469,2840.0595703125,-2.661377191543579,13.922581672668457,-65.79839134216309
3193.353759765625,372.627685546875,2839.5625,-2.640808582305908,13.923667907714844,-65.81081199645996
3194.439697265625,372.9221496582031,2839.065673828125,-2.622833728790283,13.923558235168457,-65.81984329223633
3195.529541015625,373.2176513671875,2838.568603515625,-2.606232166290283,13.924152374267578,-65.8264389038086
3196.624267578125,373.5143127441406,2838.06982421875,-2.588318109512329,13.9237699508667,-65.83138275146484
3197.72314453125,373.8121032714844,2837.570556640625,-2.580718994140625,13.923482894897461,-65.83510208129883
3198.825927734375,374.1109313964844,2837.06982421875,-2.570648431777954,13.92286205291748,-65.83800506591797
3199.932373046875,374.4108581542969,2836.568115234375,-2.562927484512329,13.923763275146484,-65.84026527404785
3201.04296875,374.7117614746094,2836.064208984375,-2.557678699493408,13.92436408996582,-65.84206199645996
3202.157470703125,375.0137023925781,2835.559326171875,-2.552520751953125,13.92519760131836,-65.84359169006348
3203.27587890625,375.3166198730469,2835.052978515625,-2.548858880996704,13.9256010055542,-65.84486770629883
3204.39794921875,375.62066650390625,2834.544921875,-2.5447998046875,13.925156593322754,-65.84597206115723
3205.5244140625,375.9256591796875,2834.03515625,-2.537323236465454,13.925955772399902,-65.84694862365723
3206.654296875,376.23175048828125,2833.52392578125,-2.5379648208618164,13.925573348999023,-65.84786033630371
3207.788330078125,376.538818359375,2833.01123046875,-2.536163568496704,13.925716400146484,-65.84871482849121
3208.92626953125,376.8470764160156,2832.496826171875,-2.535522699356079,13.924979209899902,-65.84951210021973
3210.068115234375,377.15625,2831.98046875,-2.531036138534546,13.925525665283203,-65.85027503967285
3211.21337890625,377.4665222167969,2831.462646484375,-2.5317389965057373,13.925504684448242,-65.85103607177734
3212.362060546875,377.7778015136719,2830.943359375,-2.531677484512329,13.925163269042969,-65.85176277160645
3213.514892578125,378.0899963378906,2830.422119140625,-2.532867431640625,13.924173355102539,-65.85250282287598
3214.67138671875,378.4032287597656,2829.8994140625,-2.529327869415283,13.924460411071777,-65.85320281982422
3215.83203125,378.7174987792969,2829.375,-2.530762195587158,13.924378395080566,-65.8538703918457
3216.99609375,379.0328369140625,2828.8486328125,-2.531158924102783,13.92527961730957,-65.85454559326172
3218.16357421875,379.3490905761719,2828.32080078125,-2.528259754180908,13.92524528503418,-65.8552474975586
3219.335205078125,379.6664123535156,2827.79150390625,-2.528870105743408,13.923797607421875,-65.8559455871582
3220.510986328125,379.9847106933594,2827.26171875,-2.515472888946533,13.928476333618164,-65.94838523864746
3221.69189453125,380.30426025390625,2826.7333984375,-2.478179693222046,13.937827110290527,-66.1688117980957
3222.87744140625,380.6248474121094,2826.20654296875,-2.417907476425171,13.950783729553223,-66.48509979248047
3224.068603515625,380.9465637207031,2825.682373046875,-2.338683843612671,13.96492862701416,-66.87374305725098
3225.26513671875,381.26947021484375,2825.161865234375,-2.249145984649658,13.982379913330078,-67.31684875488281
3226.468017578125,381.5936279296875,2824.64599609375,-2.152068853378296,13.999455451965332,-67.7986011505127
3227.677001953125,381.91900634765625,2824.135498046875,-2.04522705078125,14.016032218933105,-68.30814933776855
3228.893310546875,382.2455749511719,2823.631591796875,-1.938659906387329,14.031496047973633,-68.83777618408203
3230.1162109375,382.57342529296875,2823.135009765625,-1.8247071504592896,14.047410011291504,-69.3824234008789
3231.34619140625,382.90252685546875,2822.646484375,-1.7061771154403687,14.063098907470703,-69.93811416625977
3232.583251953125,383.23291015625,2822.167236328125,-1.585357666015625,14.076370239257812,-70.50161743164062
3233.82763671875,383.5643615722656,2821.697021484375,-1.463531494140625,14.08952522277832,-71.07159042358398
3235.079833984375,383.89703369140625,2821.237060546875,-1.337311029434204,14.101362228393555,-71.64629364013672
3236.33935546875,384.23101806640625,2820.787109375,-1.2102962732315063,14.110746383666992,-72.22451210021973
3237.60546875,384.5661315917969,2820.34765625,-1.0806275606155396,14.120076179504395,-72.80611038208008
3238.879638671875,384.90234375,2819.91943359375,-0.9455873370170593,14.127501487731934,-73.3900318145752
3240.1611328125,385.2397155761719,2819.50244140625,-0.8126833438873291,14.132692337036133,-73.97584342956543
3241.44921875,385.578125,2819.097412109375,-0.6742247939109802,14.137664794921875,-74.56388568878174
3242.745361328125,385.91748046875,2818.7041015625,-0.5364687442779541,14.14114761352539,-75.15348148345947
3244.048095703125,386.2579345703125,2818.322509765625,-0.39776611328125,14.142848014831543,-75.74451732635498
3245.358154296875,386.5993347167969,2817.953125,-0.2558897137641907,14.142568588256836,-76.33677291870117
3246.674560546875,386.94171142578125,2817.59423828125,-0.12942494451999664,14.142404556274414,-76.83121967315674
3247.997314453125,387.28515625,2817.24560546875,-0.0298461876809597,14.142001152038574,-77.19462013244629
3249.326416015625,387.6295166015625,2816.90625,0.04865177348256111,14.140437126159668,-77.46165084838867
3250.661376953125,387.9748229980469,2816.5751953125,0.11184593290090561,14.139365196228027,-77.65806102752686
3252.002197265625,388.3209533691406,2816.25146484375,0.1600574105978012,14.137514114379883,-77.80210208892822
3253.345458984375,388.66741943359375,2815.935302734375,0.2037564218044281,14.134358406066895,-77.90663051605225
3254.68798828125,389.0133056640625,2815.625244140625,0.23919615149497986,14.1272554397583,-77.98103141784668
3256.02587890625,389.3576354980469,2815.322021484375,0.2679204046726227,14.11755657196045,-78.03361129760742
3257.356201171875,389.6998596191406,2815.025146484375,0.29711857438087463,14.10619068145752,-78.07117938995361
3258.677490234375,390.0393981933594,2814.73388671875,0.32382360100746155,14.0957612991333,-78.09867477416992
3259.987060546875,390.3760986328125,2814.444091796875,0.32181674242019653,14.08804988861084,-77.89811325073242
3261.283447265625,390.7098693847656,2814.1484375,0.2183201014995575,14.084477424621582,-77.15400409698486
3262.564697265625,391.0406494140625,2813.840576171875,-0.013916059397161007,14.080543518066406,-75.79544925689697
3263.83056640625,391.3686218261719,2813.5166015625,-0.36202993988990784,14.067989349365234,-73.9612865447998
3265.081298828125,391.6939392089844,2813.174560546875,-0.7756041884422302,14.040996551513672,-71.95494651794434
3266.318115234375,392.0168762207031,2812.8173828125,-1.1567076444625854,14.006538391113281,-70.24768447875977
3267.541748046875,392.33746337890625,2812.4443359375,-1.4396058320999146,13.973808288574219,-68.98942184448242
3268.7509765625,392.6555480957031,2812.053955078125,-1.641510009765625,13.945647239685059,-68.05656242370605
3269.9453125,392.9711608886719,2811.646484375,-1.785919189453125,13.922294616699219,-67.36675071716309
3271.125244140625,393.2842102050781,2811.2236328125,-1.8949583768844604,13.904092788696289,-66.8597297668457
3272.29248046875,393.5948486328125,2810.78662109375,-1.980590581893921,13.890432357788086,-66.49095726013184
3273.446533203125,393.9031066894531,2810.33740234375,-2.053162097930908,13.880146026611328,-66.22597312927246
3274.588623046875,394.2091064453125,2809.878173828125,-2.115539789199829,13.87370491027832,-66.03768157958984
3275.719970703125,394.51287841796875,2809.410888671875,-2.172332525253296,13.867762565612793,-65.9060287475586
3276.841064453125,394.8144836425781,2808.9375,-2.22650146484375,13.863357543945312,-65.81484031677246
3277.952392578125,395.1141052246094,2808.459716796875,-2.2713623046875,13.860795974731445,-65.7523422241211
3279.055908203125,395.4118347167969,2807.97900390625,-2.315185308456421,13.859901428222656,-65.7098617553711
3280.151123046875,395.7076721191406,2807.496826171875,-2.353088617324829,13.858234405517578,-65.68147850036621
3281.239013671875,396.001708984375,2807.013427734375,-2.389404058456421,13.858705520629883,-65.66240501403809
3282.318603515625,396.2940979003906,2806.529541015625,-2.420440912246704,13.8589448928833,-65.64980125427246
3283.392333984375,396.5846862792969,2806.047119140625,-2.449738025665283,13.85799503326416,-65.64156341552734
3284.458984375,396.87353515625,2805.565673828125,-2.472381591796875,13.858972549438477,-65.6360092163086
3285.519287109375,397.1607666015625,2805.085205078125,-2.492279291152954,13.859040260314941,-65.63240623474121
3286.5732421875,397.4464111328125,2804.6064453125,-2.508178949356079,13.859210968017578,-65.62996482849121
3287.62109375,397.73040771484375,2804.13037109375,-2.520751953125,13.858541488647461,-65.62838172912598
3288.6630859375,398.0128173828125,2803.65576171875,-2.532654285430908,13.8589448928833,-65.62721633911133
3289.69921875,398.2936096191406,2803.18359375,-2.5442512035369873,13.859210968017578,-65.6263599395752
3290.729248046875,398.57275390625,2802.714111328125,-2.5535888671875,13.859901428222656,-65.62572479248047
3291.7529296875,398.8503112792969,2802.2470703125,-2.558532476425171,13.858931541442871,-65.62526893615723
3292.7705078125,399.1262512207031,2801.782470703125,-2.563751220703125,13.858616828918457,-65.6249008178711
3293.781494140625,399.4002685546875,2801.3212890625,-2.567962408065796,13.857400894165039,-65.62465858459473
3294.7841796875,399.67205810546875,2800.86669921875,-2.549194812774658,13.8618745803833,-65.82048606872559
3295.779296875,399.9410095214844,2800.4267578125,-2.451538562774658,13.8817777633667,-66.45448875427246
3296.764404296875,400.2063293457031,2800.007080078125,-2.23895263671875,13.917548179626465,-67.65589904785156
3297.73876953125,400.4674072265625,2799.61474609375,-1.8932496309280396,13.96389102935791,-69.44824981689453
3298.7001953125,400.720458984375,2799.24755859375,-0.9806212186813354,13.80959701538086,-71.57036972045898
3299.6494140625,400.9644775390625,2798.90869140625,0.3858928084373474,13.455670356750488,-73.8497142791748
3300.58642578125,401.2024230957031,2798.607177734375,1.7628870010375977,13.09104061126709,-76.42881488800049
3301.51220703125,401.43194580078125,2798.338623046875,3.436190605163574,12.682103157043457,-79.10392665863037
3302.42626953125,401.64288330078125,2798.1005859375,4.878394603729248,12.052762985229492,-81.6593246459961
3303.326416015625,401.8399963378906,2797.901123046875,6.244154453277588,11.273008346557617,-84.22661924362183
3304.2119140625,402.02838134765625,2797.7431640625,7.273987293243408,10.373437881469727,-86.49508595466614
3305.083740234375,402.20501708984375,2797.609619140625,8.27673053741455,9.596770286560059,-88.37469446659088
3305.944091796875,402.3634948730469,2797.500244140625,9.115438461303711,9.006731033325195,-89.9775390829891
3306.791259765625,402.5066833496094,2797.421142578125,9.285748481750488,8.350104331970215,-91.08791124820709
3307.62939453125,402.6383972167969,2797.37451171875,8.357863426208496,7.698688507080078,-91.77464997768402
3308.458740234375,402.751953125,2797.3408203125,8.285920143127441,6.496643543243408,-92.10099601745605
3309.2822265625,402.84027099609375,2797.311767578125,8.980915069580078,4.862636566162109,-92.10883736610413
3310.100830078125,402.9100036621094,2797.299072265625,8.78858470916748,3.003951072692871,-91.9419652223587
3310.915283203125,402.9641418457031,2797.31005859375,7.077707767486572,1.0636857748031616,-92.07637810707092
3311.728759765625,402.9991760253906,2797.334716796875,4.377496242523193,-0.663300096988678,-92.66159749031067
3312.54296875,403.0149841308594,2797.366455078125,0.8601186275482178,-2.056945562362671,-93.47878408432007
3313.35888671875,403.0123596191406,2797.40234375,-3.416504144668579,-3.0966506004333496,-94.33754873275757
3314.172119140625,402.99456787109375,2797.4365234375,-7.432013034820557,-3.610711097717285,-95.1410756111145
3314.9892578125,402.96923828125,2797.451171875,-8.323616981506348,-2.857908010482788,-95.9182505607605
3315.81201171875,402.9305114746094,2797.45703125,-7.222540378570557,-1.2627789974212646,-96.9166898727417
3316.634521484375,402.8794860839844,2797.46044921875,-4.561159133911133,0.7739150524139404,-98.17453098297119
3317.428955078125,402.8521423339844,2797.48876953125,-1.6107178926467896,2.36759614944458,-99.35633373260498
3318.1748046875,402.86529541015625,2797.5615234375,-0.7287899851799011,2.805056095123291,-100.08376407623291
3318.8876953125,402.8948059082031,2797.657470703125,-0.486053466796875,2.8947501182556152,-100.4240894317627
3319.575927734375,402.93096923828125,2797.764404296875,-0.380615234375,2.848482370376587,-100.59222221374512
3320.244873046875,402.96832275390625,2797.876708984375,-0.31042471528053284,2.7763283252716064,-100.6851224899292
3320.897705078125,403.0046691894531,2797.991455078125,-0.2479858249425888,2.71445369720459,-100.73948097229004
3321.5361328125,403.0392761230469,2798.107666015625,-0.1926574558019638,2.6677966117858887,-100.77126026153564
3322.161376953125,403.0721435546875,2798.223388671875,-0.14239501953125,2.6329216957092285,-100.78949165344238
3322.774658203125,403.1034240722656,2798.338134765625,-0.1013183444738388,2.6077046394348145,-100.79959201812744
3323.3759765625,403.13330078125,2798.451416015625,-0.0670776218175888,2.5895636081695557,-100.80536842346191
3323.9658203125,403.162109375,2798.560302734375,-0.02673339657485485,2.5771327018737793,-100.65000915527344
3324.5458984375,403.18988037109375,2798.662109375,0.005301389377564192,2.5682260990142822,-100.28756141662598
3325.115234375,403.2168273925781,2798.7578125,0.020520076155662537,2.561662197113037,-99.81077098846436
3325.67529296875,403.2430725097656,2798.846435546875,0.023998888209462166,2.5571954250335693,-99.3055944442749
3326.22607421875,403.2683410644531,2798.9296875,0.0222522784024477,2.538712978363037,-98.76741123199463
3326.7685546875,403.29302978515625,2799.006103515625,0.030162323266267776,2.519540548324585,-98.24495124816895
3327.30419921875,403.3172607421875,2799.076904296875,0.028394386172294617,2.50057315826416,-97.69145488739014
3327.834716796875,403.34100341796875,2799.14208984375,0.01907520741224289,2.4796931743621826,-97.19096374511719
3328.3603515625,403.3644714355469,2799.203125,0.010953079909086227,2.4627065658569336,-96.6820216178894
3328.883056640625,403.3876953125,2799.25830078125,0.01262576226145029,2.455213785171509,-96.21725511550903
3329.403564453125,403.4104309082031,2799.309326171875,0.0025453860871493816,2.457761526107788,-95.72681045532227
3329.9228515625,403.4330139160156,2799.35546875,0.003503420390188694,2.457399368286133,-95.2738242149353
3330.441162109375,403.4555358886719,2799.396728515625,0.013748839497566223,2.4675629138946533,-94.75119876861572
3330.9580078125,403.4779357910156,2799.432373046875,0.008415882475674152,2.476332664489746,-94.2267017364502
3331.475341796875,403.5003356933594,2799.463134765625,-0.002868658397346735,2.4770567417144775,-93.65382957458496
3331.991455078125,403.5227966308594,2799.48876953125,-0.0006713809561915696,2.4791672229766846,-93.10622072219849
3332.507080078125,403.5451965332031,2799.50927734375,-0.005737305153161287,2.487527370452881,-92.5222840309143
3333.0224609375,403.5674133300781,2799.5244140625,-0.019866950809955597,2.4890778064727783,-91.97132802009583
3333.5380859375,403.58984375,2799.534423828125,-0.02572631649672985,2.486236572265625,-91.38669872283936
3334.0537109375,403.61224365234375,2799.5390625,-0.02496337704360485,2.4926364421844482,-90.83432114124298
3334.568359375,403.6346130371094,2799.539306640625,-0.042144775390625,2.4966115951538086,-90.24962179362774
3335.08251953125,403.6569519042969,2799.53369140625,-0.052551258355379105,2.492663621902466,-89.68875128030777
3335.596435546875,403.6794128417969,2799.52294921875,-0.0528564415872097,2.4932305812835693,-89.08361822366714
3336.110595703125,403.7018127441406,2799.5068359375,-0.0587768480181694,2.501426935195923,-88.50726306438446
3336.625,403.7240905761719,2799.48583984375,-0.0785217210650444,2.5006959438323975,-87.91171264648438
3337.138916015625,403.7464904785156,2799.460205078125,-0.0859069675207138,2.4959969520568848,-87.40505981445312
3337.6533203125,403.76904296875,2799.43408203125,-0.1030883640050888,2.5033392906188965,-87.06802344322205
3338.16748046875,403.79144287109375,2799.406494140625,-0.1219177097082138,2.5097665786743164,-86.9379575252533
3338.681396484375,403.8139343261719,2799.37890625,-0.126922607421875,2.5046234130859375,-86.85424733161926
3339.195556640625,403.8365478515625,2799.350830078125,-0.1149291843175888,2.5074851512908936,-86.84045338630676
3339.709716796875,403.8590087890625,2799.32275390625,-0.1060485765337944,2.517266035079956,-86.81017994880676
3340.225341796875,403.8815002441406,2799.294677734375,-0.1026306003332138,2.5158045291900635,-86.82147145271301
3340.740966796875,403.9041442871094,2799.2666015625,-0.086578369140625,2.5115833282470703,-86.80261182785034
3341.256591796875,403.92681884765625,2799.238037109375,-0.0689086839556694,2.520285129547119,-86.81899976730347
3341.772216796875,403.9493713378906,2799.2099609375,-0.062286365777254105,2.5241713523864746,-86.80316066741943
3342.287841796875,403.97210693359375,2799.181884765625,-0.0470886267721653,2.5161869525909424,-86.82080006599426
3342.803466796875,403.994873046875,2799.15380859375,-0.0289611779153347,2.5192127227783203,-86.80520582199097
3343.319091796875,404.0174865722656,2799.12158203125,0.00020017099450342357,2.5262410640716553,-86.64114332199097
3343.834228515625,404.04010009765625,2799.080810546875,0.029278891161084175,2.5202507972717285,-86.07556080818176
3344.34814453125,404.0628967285156,2799.030517578125,0.059629201889038086,2.5158796310424805,-85.23092365264893
3344.86083984375,404.0855407714844,2798.971923828125,0.060409318655729294,2.523898124694824,-84.20626401901245
3345.373779296875,404.1081237792969,2798.907958984375,0.026620857417583466,2.5244650840759277,-83.37459754943848
3345.886474609375,404.130859375,2798.843994140625,-0.01150514092296362,2.5163097381591797,-82.87859439849854
3346.3994140625,404.1536560058594,2798.779541015625,-0.030517563223838806,2.5237138271331787,-82.67571353912354
3346.911865234375,404.17633056640625,2798.71484375,-0.03631589934229851,2.5314455032348633,-82.5582218170166
3347.42529296875,404.1990051269531,2798.648681640625,-0.03659053146839142,2.5238025188446045,-82.5288028717041
3347.939208984375,404.2219543457031,2798.581787109375,-0.023651123046875,2.523604393005371,-82.49141645431519
3348.4541015625,404.2447509765625,2798.514404296875,-0.011352533474564552,2.533720016479492,-82.49861860275269
3348.9697265625,404.2674865722656,2798.447021484375,-0.005462654400616884,2.5321216583251953,-82.47887372970581
3349.486572265625,404.29052734375,2798.37890625,0.011550165712833405,2.525195837020874,-82.49382829666138
3350.005126953125,404.31365966796875,2798.310302734375,0.025041811168193817,2.5345327854156494,-82.47789764404297
3350.525146484375,404.336669921875,2798.239013671875,0.05048467963933945,2.538207530975342,-82.33107852935791
3351.0458984375,404.35986328125,2798.159912109375,0.0802365392446518,2.529662847518921,-81.82918357849121
3351.5654296875,404.3832092285156,2798.071533203125,0.10832127183675766,2.5328593254089355,-81.04509258270264
3352.085205078125,404.4064025878906,2797.9736328125,0.11210814118385315,2.5415472984313965,-80.04399108886719
3352.60498046875,404.4297180175781,2797.8662109375,0.10066226124763489,2.5349767208099365,-78.98286151885986
3353.125244140625,404.4532775878906,2797.75146484375,0.07760456949472427,2.532456398010254,-77.99851608276367
3353.647216796875,404.47686767578125,2797.634521484375,0.03539877384901047,2.5428314208984375,-77.4166669845581
3354.171875,404.50042724609375,2797.517333984375,0.0006850564386695623,2.547257423400879,-77.12760543823242
3354.69775390625,404.5245666503906,2797.3984375,-0.01763913407921791,2.5534934997558594,-77.01731300354004
3355.225830078125,404.5487060546875,2797.27783203125,-0.02832026779651642,2.5684447288513184,-76.94541645050049
3355.756103515625,404.5729064941406,2797.15576171875,-0.03207395598292351,2.586817979812622,-76.93342113494873
3356.2880859375,404.5974426269531,2797.032958984375,-0.036712680011987686,2.5943174362182617,-76.9075117111206
3356.82177734375,404.6220703125,2796.90966796875,-0.0334167517721653,2.6066322326660156,-76.91596508026123
3357.3564453125,404.64654541015625,2796.782470703125,-0.0223998986184597,2.598142385482788,-76.75550365447998
3357.89111328125,404.6711120605469,2796.648681640625,0.007297390606254339,2.583635091781616,-76.33982372283936
3358.42529296875,404.6959533691406,2796.50537109375,0.02448585070669651,2.573908805847168,-75.55887699127197
3358.95703125,404.720703125,2796.3505859375,0.03726029768586159,2.5551531314849854,-74.49784660339355
3359.487060546875,404.7452697753906,2796.18408203125,0.024655627086758614,2.5278255939483643,-73.24262809753418
3360.01513671875,404.7698669433594,2796.006591796875,0.005452501587569714,2.518345355987549,-71.98006439208984
3360.5439453125,404.79425048828125,2795.82080078125,-0.027099601924419403,2.518393039703369,-70.90230751037598
3361.0732421875,404.819091796875,2795.63330078125,-0.07879630476236343,2.517805576324463,-70.29046821594238
3361.604248046875,404.8440856933594,2795.443603515625,-0.1026916429400444,2.526643991470337,-69.9882869720459
3362.136474609375,404.8687438964844,2795.25146484375,-0.1031189039349556,2.5371897220611572,-69.86514854431152
3362.669921875,404.8933410644531,2795.057373046875,-0.0928344577550888,2.5370121002197266,-69.79041290283203
3363.205322265625,404.9184265136719,2794.86181640625,-0.0891723558306694,2.5458436012268066,-69.77487754821777
3363.74169921875,404.94378662109375,2794.6650390625,-0.07717897742986679,2.555241823196411,-69.75043296813965
3364.280029296875,404.96929931640625,2794.466552734375,-0.06597903370857239,2.5465948581695557,-69.75763320922852
3364.8193359375,404.9949035644531,2794.265625,-0.03668218106031418,2.5498392581939697,-69.63364028930664
3365.35888671875,405.02001953125,2794.059326171875,-0.0002746539830695838,2.5523321628570557,-69.33481216430664
3365.8974609375,405.0455017089844,2793.847412109375,0.022690825164318085,2.5425376892089844,-68.84171676635742
3366.435791015625,405.0710144042969,2793.6298828125,0.03511118143796921,2.519608736038208,-68.27433586120605
3366.9736328125,405.0964660644531,2793.40576171875,0.038550131022930145,2.506563186645508,-67.63728523254395
3367.5107421875,405.1217346191406,2793.17626953125,0.0415831133723259,2.472118616104126,-67.03407669067383
3368.048583984375,405.1466064453125,2792.94287109375,0.046795956790447235,2.4362940788269043,-66.53264617919922
3368.587646484375,405.17120361328125,2792.706787109375,0.03953072801232338,2.394548177719116,-66.26055145263672
3369.12841796875,405.19561767578125,2792.47021484375,0.03817782551050186,2.3565175533294678,-66.11751174926758
3369.669921875,405.2198791503906,2792.2314453125,0.04005818068981171,2.307128429412842,-66.06603050231934
3370.213134765625,405.2435607910156,2791.990966796875,0.06031561642885208,2.256359815597534,-66.02730178833008
3370.7578125,405.2667236328125,2791.74951171875,0.07621180266141891,2.215822458267212,-66.02419090270996
3371.30419921875,405.28948974609375,2791.507080078125,0.09028138220310211,2.173065662384033,-66.00886917114258
3371.85107421875,405.31207275390625,2791.260986328125,0.1209108978509903,2.1225016117095947,-65.8618392944336
3372.396728515625,405.33428955078125,2791.00830078125,0.1433868408203125,2.081110715866089,-65.43477630615234
3372.9404296875,405.3558654785156,2790.748046875,0.17555354535579681,2.0393030643463135,-64.7935733795166
3373.482421875,405.37701416015625,2790.480224609375,0.19296316802501678,1.9946473836898804,-63.987083435058594
3374.0234375,405.3979187011719,2790.20556640625,0.18939362466335297,1.9535433053970337,-63.20924758911133
3374.56494140625,405.4182434082031,2789.927978515625,0.1718692183494568,1.905233383178711,-62.69746398925781
3375.107666015625,405.4383850097656,2789.6484375,0.1518431007862091,1.8568073511123657,-62.46613883972168
3375.6513671875,405.4580383300781,2789.36669921875,0.14896918833255768,1.8170692920684814,-62.342939376831055
3376.19677734375,405.4772033691406,2789.0830078125,0.1537199467420578,1.7726389169692993,-62.2968864440918
3376.7431640625,405.4959411621094,2788.7978515625,0.15722064673900604,1.718024730682373,-62.26304626464844
3377.290771484375,405.5141296386719,2788.510498046875,0.1682615876197815,1.6781500577926636,-62.25925636291504
3377.84033203125,405.5320739746094,2788.222412109375,0.17074991762638092,1.6311378479003906,-62.2458610534668
3378.39111328125,405.5494689941406,2787.93310546875,0.17386794090270996,1.5792148113250732,-62.2515983581543
3378.9423828125,405.5664367675781,2787.64111328125,0.19463001191616058,1.5293407440185547,-62.159650802612305
3379.49365234375,405.5828857421875,2787.343994140625,0.21703751385211945,1.4942336082458496,-61.86945343017578
3380.04296875,405.5990295410156,2787.04052734375,0.23918336629867554,1.4474809169769287,-61.341501235961914
3380.5908203125,405.6146545410156,2786.72998046875,0.25214964151382446,1.3956739902496338,-60.6811580657959
3381.136474609375,405.6296691894531,2786.411865234375,0.26015397906303406,1.3570082187652588,-59.927757263183594
3381.68017578125,405.644287109375,2786.088134765625,0.2593517303466797,1.3094359636306763,-59.23625183105469
3382.224609375,405.65869140625,2785.760986328125,0.23277640342712402,1.2600059509277344,-58.79076385498047
3382.7705078125,405.6724548339844,2785.431884765625,0.21614769101142883,1.214646577835083,-58.58341598510742
3383.317138671875,405.68572998046875,2785.100341796875,0.2070683091878891,1.1767596006393433,-58.4731330871582
3383.864990234375,405.6985778808594,2784.766845703125,0.19793261587619781,1.1279237270355225,-58.429487228393555
3384.413330078125,405.7108459472656,2784.43115234375,0.19096370041370392,1.078111171722412,-58.398855209350586
3384.96337890625,405.7226867675781,2784.093994140625,0.184931218624115,1.0330250263214111,-58.39335250854492
3385.513427734375,405.7340087890625,2783.753173828125,0.19669051468372345,0.9822630882263184,-58.25053024291992
3386.06201171875,405.7450256347656,2783.406494140625,0.22179193794727325,0.9368491768836975,-57.87812423706055
3386.607666015625,405.75537109375,2783.05224609375,0.24200548231601715,0.8922753930091858,-57.23789978027344
3387.14892578125,405.7652282714844,2782.689208984375,0.26424214243888855,0.8495662212371826,-56.38142776489258
3387.685791015625,405.77459716796875,2782.31689453125,0.2764190137386322,0.8054022192955017,-55.36980056762695
3388.2177734375,405.78350830078125,2781.93359375,0.28868669271469116,0.759469211101532,-54.28726577758789
3388.744873046875,405.7920227050781,2781.542236328125,0.2872731387615204,0.7144104242324829,-53.23798370361328
3389.26904296875,405.79998779296875,2781.142333984375,0.2727709412574768,0.6685935258865356,-52.35213851928711
3389.790283203125,405.807373046875,2780.7353515625,0.25238552689552307,0.6235962510108948,-51.61833572387695
3390.308349609375,405.8143310546875,2780.3212890625,0.24012766778469086,0.5790839195251465,-50.99382781982422
3390.8232421875,405.82080078125,2779.90087890625,0.2282981276512146,0.5324952006340027,-50.41477966308594
3391.335205078125,405.8267517089844,2779.473388671875,0.22064034640789032,0.48956742882728577,-49.86139678955078
3391.842529296875,405.8321533203125,2779.037841796875,0.22815607488155365,0.44304701685905457,-49.16692352294922
3392.341796875,405.8370361328125,2778.59130859375,0.25367969274520874,0.4016970694065094,-48.18204879760742
3392.8310546875,405.8416442871094,2778.1328125,0.2850150763988495,0.36382365226745605,-46.89616775512695
3393.309814453125,405.84588623046875,2777.66162109375,0.3094237446784973,0.3372679054737091,-45.42265319824219
3393.7783203125,405.84991455078125,2777.1787109375,0.32468879222869873,0.3224327266216278,-43.88591384887695
3394.2373046875,405.8536682128906,2776.684326171875,0.32028740644454956,0.3170846700668335,-42.47132873535156
3394.69189453125,405.8575439453125,2776.182373046875,0.2518140375614166,0.3338254690170288,-41.39655303955078
3395.155517578125,405.8771057128906,2775.681396484375,-2.224761962890625,1.3019227981567383,-40.718929290771484
3395.600341796875,405.8876953125,2775.169677734375,-2.3375244140625,1.3671579360961914,-40.34820556640625
3396.044189453125,405.8959045410156,2774.6552734375,-2.599731922149658,1.4744806289672852,-40.13737869262695
3396.48681640625,405.9037780761719,2774.13671875,-2.932953357696533,1.5300511121749878,-40.05132293701172
3396.926513671875,405.9208984375,2773.61962890625,-4.000062465667725,1.1197890043258667,-40.1912841796875
3397.365966796875,405.9332580566406,2773.09765625,-4.518953800201416,0.9433242082595825,-40.28475570678711
3397.806884765625,405.9438171386719,2772.57373046875,-4.945651054382324,0.7948017716407776,-40.347930908203125
3398.25,405.9529724121094,2772.049072265625,-5.291811943054199,0.6695497632026672,-40.391357421875
3398.694580078125,405.9608154296875,2771.5224609375,-5.548343181610107,0.5769255757331848,-40.423492431640625
3399.142822265625,405.9723205566406,2770.998779296875,-6.131961822509766,0.30046001076698303,-40.439456939697266
3399.592529296875,405.9899597167969,2770.474609375,-7.020239353179932,-0.17065227031707764,-40.42831802368164
3400.0400390625,405.995849609375,2769.94140625,-7.02445125579834,-0.16870565712451935,-40.32351303100586
3400.48583984375,405.9983215332031,2769.4052734375,-6.866552352905273,-0.07046705484390259,-40.12566375732422
3400.931396484375,405.99993896484375,2768.8662109375,-6.702063083648682,0.02817452885210514,-39.8205451965332
3401.3740234375,406.0017395019531,2768.322021484375,-6.553013801574707,0.11008214950561523,-39.34407043457031
3401.8115234375,406.00396728515625,2767.771728515625,-6.423620223999023,0.17358924448490143,-38.64658737182617
3402.241455078125,406.00732421875,2767.21435546875,-6.314122200012207,0.2587958574295044,-37.732948303222656
3402.663330078125,406.0117492675781,2766.64892578125,-6.231174945831299,0.3547053635120392,-36.66744613647461
3403.07421875,406.0167236328125,2766.07470703125,-6.162510395050049,0.44629135727882385,-35.45718765258789
3403.474365234375,406.02197265625,2765.490966796875,-6.110141277313232,0.5307056903839111,-34.12227249145508
3403.861083984375,406.0292053222656,2764.8974609375,-6.08978796005249,0.655500054359436,-32.6967658996582
3404.234375,406.0384216308594,2764.2939453125,-6.026432037353516,0.7697486281394958,-31.249351501464844
3404.59619140625,406.0465087890625,2763.68359375,-5.717686176300049,0.7774599194526672,-30.068153381347656
3404.94970703125,406.04931640625,2763.0703125,-4.8160719871521,0.5246882438659668,-29.35926055908203
3405.29833984375,406.05010986328125,2762.454833984375,-3.620331287384033,0.1237698495388031,-28.94290542602539
3405.654052734375,406.0735168457031,2761.8447265625,-4.275454521179199,-0.6666879057884216,-28.69143295288086
3406.00390625,406.0901794433594,2761.22314453125,-4.196503639221191,-0.6832852363586426,-28.41836166381836
3406.348876953125,406.0988464355469,2760.59375,-3.4700629711151123,-0.19064423441886902,-28.19866943359375
3406.6904296875,406.1005859375,2759.959716796875,-2.246032953262329,0.6109603643417358,-28.03646469116211
3407.032470703125,406.10577392578125,2759.326171875,-1.2507933378219604,1.3003791570663452,-27.941669464111328
3407.37451171875,406.1207580566406,2758.694091796875,-0.8828734755516052,1.6439512968063354,-27.90264129638672
3407.71533203125,406.1416320800781,2758.060302734375,-0.7172240018844604,1.8592661619186401,-27.888912200927734
3408.054931640625,406.1659240722656,2757.425048828125,-0.6071166396141052,2.055108070373535,-27.880199432373047
3408.394287109375,406.19268798828125,2756.7880859375,-0.5598449110984802,2.2074828147888184,-27.876712799072266
3408.733642578125,406.2218322753906,2756.14990234375,-0.5187682509422302,2.3668107986450195,-27.87316131591797
3409.072998046875,406.2525329589844,2755.510986328125,-0.49481216073036194,2.51047682762146,-27.870887756347656
3409.412353515625,406.28546142578125,2754.870849609375,-0.48666390776634216,2.6492390632629395,-27.868511199951172
3409.752197265625,406.3196716308594,2754.230224609375,-0.47485360503196716,2.7967710494995117,-27.8663330078125
3410.091552734375,406.35577392578125,2753.589111328125,-0.48822033405303955,2.9185943603515625,-27.864459991455078
3410.43115234375,406.3934631347656,2752.947509765625,-0.4810487627983093,3.0606348514556885,-27.862384796142578
3410.772216796875,406.43280029296875,2752.305908203125,-0.5028078556060791,3.18148136138916,-27.97119140625
3411.117431640625,406.4740905761719,2751.666259765625,-0.5138244032859802,3.3169922828674316,-28.28176498413086
3411.469970703125,406.5166015625,2751.030517578125,-0.5247800946235657,3.45358943939209,-28.88461685180664
3411.833251953125,406.5614013671875,2750.402099609375,-0.5429079532623291,3.600677490234375,-29.893463134765625
3412.211181640625,406.60784912109375,2749.78369140625,-0.522552490234375,3.771575689315796,-31.338241577148438
3412.60595703125,406.65582275390625,2749.177978515625,-0.47515878081321716,3.900393009185791,-33.17605209350586
3413.018310546875,406.70452880859375,2748.587158203125,-0.39279162883758545,4.007838726043701,-35.30203628540039
3413.4501953125,406.7556457519531,2748.01220703125,-0.2840577960014343,4.140098571777344,-37.61077117919922
3414.35498046875,406.8630065917969,2746.8955078125,0.021231915801763535,4.359306335449219,-41.059452056884766
3414.35498046875,406.8630065917969,2746.8955078125,0.021231915801763535,4.359306335449219,-41.059452056884766
3414.818359375,406.9173889160156,2746.344970703125,0.15419813990592957,4.4849958419799805,-41.78728103637695
3415.288330078125,406.9747314453125,2745.800537109375,0.24942252039909363,4.6206159591674805,-42.15761184692383
3415.763916015625,407.0340576171875,2745.26123046875,0.3049030303955078,4.737904071807861,-42.34431838989258
3416.24365234375,407.0939025878906,2744.724853515625,0.3473167419433594,4.851572036743164,-42.43986511230469
3416.725830078125,407.1545715332031,2744.191162109375,0.41767996549606323,4.98872184753418,-42.48966598510742
3417.209716796875,407.2183532714844,2743.659423828125,0.4724026322364807,5.119035243988037,-42.51457595825195
3417.6943359375,407.28369140625,2743.128662109375,0.5028510093688965,5.234875202178955,-42.527549743652344
3418.178955078125,407.3494873046875,2742.59814453125,0.5264245867729187,5.347798824310303,-42.534996032714844
3418.66455078125,407.4160461425781,2742.068603515625,0.574033260345459,5.4645538330078125,-42.53957748413086
3419.15087890625,407.4849853515625,2741.5400390625,0.6015110611915588,5.533907890319824,-42.54209518432617
3419.63720703125,407.5549011230469,2741.011474609375,0.6181609630584717,5.586445331573486,-42.543846130371094
3420.122802734375,407.625,2740.483154296875,0.6270133852958679,5.636066913604736,-42.54521942138672
3420.607421875,407.6953430175781,2739.95458984375,0.6415663957595825,5.667137622833252,-42.54610061645508
3421.08935546875,407.7663269042969,2739.424560546875,0.656489372253418,5.667875289916992,-42.33726501464844
3421.562744140625,407.83740234375,2738.888671875,0.6515198349952698,5.664965629577637,-41.66130065917969
3422.023681640625,407.9084777832031,2738.34375,0.608168363571167,5.6653547286987305,-40.48168182373047
3422.470947265625,407.9793701171875,2737.790283203125,0.5114332437515259,5.673393726348877,-38.9671516418457
3422.904052734375,408.0511779785156,2737.22607421875,0.34403547644615173,5.737645626068115,-37.25621032714844
3423.3251953125,408.1238098144531,2736.654052734375,0.18437154591083527,5.833042621612549,-35.697696685791016
3423.740234375,408.1965637207031,2736.077392578125,-0.005554369185119867,5.917825698852539,-34.67390441894531
3424.150146484375,408.2692565917969,2735.497802734375,-0.1376955658197403,5.998743057250977,-34.13862991333008
3424.55517578125,408.3424377441406,2734.91552734375,-0.3329468071460724,6.010019779205322,-33.8679084777832
3424.95556640625,408.4166259765625,2734.330322265625,-0.44519051909446716,5.98015832901001,-33.73094940185547
3425.3525390625,408.49139404296875,2733.743408203125,-0.5081782937049866,5.966763973236084,-33.658958435058594
3425.747802734375,408.56536865234375,2733.1552734375,-0.6196898221969604,5.930912494659424,-33.62117004394531
3426.141845703125,408.6385803222656,2732.56689453125,-0.7781983017921448,5.895798683166504,-33.6003303527832
3426.536865234375,408.7117919921875,2731.978759765625,-0.8811342120170593,5.902820110321045,-33.72991180419922
3426.936279296875,408.7852783203125,2731.39453125,-0.9379881024360657,5.872972011566162,-34.1570930480957
3427.343994140625,408.8582458496094,2730.81787109375,-0.9949342012405396,5.867651462554932,-35.012428283691406
3427.763671875,408.9299621582031,2730.25146484375,-1.0439146757125854,5.8640313148498535,-36.369354248046875
3428.197998046875,409.0017395019531,2729.700927734375,-1.0050965547561646,5.832393646240234,-38.195987701416016
3428.6474609375,409.0724182128906,2729.165771484375,-0.9151917099952698,5.753894329071045,-40.30989456176758
3429.11376953125,409.1418762207031,2728.64794921875,-0.82037353515625,5.656175136566162,-42.59945297241211
3429.596435546875,409.2096862792969,2728.1484375,-0.7045594453811646,5.5214152336120605,-44.98513412475586
3430.09619140625,409.2760314941406,2727.6689453125,-0.5929259061813354,5.35943078994751,-47.42976760864258
3430.6123046875,409.3403015136719,2727.208740234375,-0.4631652534008026,5.1885528564453125,-49.79767608642578
3431.14013671875,409.40252685546875,2726.76123046875,-0.34405532479286194,5.016534805297852,-51.64171600341797
3431.6748046875,409.46234130859375,2726.32080078125,-0.2554929852485657,4.828042030334473,-52.702171325683594
3432.216796875,409.52008056640625,2725.888427734375,-0.23928849399089813,4.64781379699707,-53.27545928955078
3432.7646484375,409.57647705078125,2725.46240234375,-0.22109973430633545,4.510752201080322,-53.58087921142578
3433.317138671875,409.630859375,2725.042236328125,-0.2430417239665985,4.355010509490967,-53.73865509033203
3433.873046875,409.6826171875,2724.62451171875,-0.25048840045928955,4.183688640594482,-53.8189697265625
3434.432373046875,409.7317810058594,2724.2099609375,-0.2911069691181183,4.03902530670166,-53.86114501953125
3434.99267578125,409.78045654296875,2723.79638671875,-0.28161612153053284,3.854343891143799,-53.87985610961914
3435.5546875,409.8269958496094,2723.38330078125,-0.3145750164985657,3.6744093894958496,-53.888675689697266
3436.11767578125,409.87158203125,2722.969970703125,-0.3110046684741974,3.536255121231079,-53.89252471923828
3436.68212890625,409.91357421875,2722.556396484375,-0.3424987196922302,3.3943443298339844,-53.894081115722656
3437.246826171875,409.9538879394531,2722.143310546875,-0.3302306532859802,3.200892925262451,-53.89423751831055
3437.8134765625,409.9918518066406,2721.730224609375,-0.3735656440258026,3.03952956199646,-53.894439697265625
3438.380126953125,410.0289001464844,2721.316162109375,-0.3704528212547302,2.8664391040802,-53.89436340332031
3438.94775390625,410.0635986328125,2720.901611328125,-0.3916321098804474,2.69169545173645,-53.89435577392578
3439.51806640625,410.095703125,2720.48779296875,-0.37255850434303284,2.5216989517211914,-54.026763916015625
3440.093017578125,410.1255798339844,2720.080322265625,-0.4240112006664276,2.3711342811584473,-54.479244232177734
3440.673583984375,410.15447998046875,2719.68017578125,-0.4385070502758026,2.2036306858062744,-55.2709846496582
3441.26123046875,410.1811218261719,2719.28857421875,-0.454986572265625,2.0413589477539062,-56.2762565612793
3441.85498046875,410.20538330078125,2718.90576171875,-0.4162293076515198,1.8821473121643066,-57.39332580566406
3442.45556640625,410.2276611328125,2718.53125,-0.40707385540008545,1.7348201274871826,-58.4416389465332
3443.061279296875,410.2486267089844,2718.161865234375,-0.38067618012428284,1.5689489841461182,-59.246477127075195
3443.671142578125,410.2673645019531,2717.796875,-0.3638915717601776,1.4110896587371826,-59.826650619506836
3444.28466796875,410.2840881347656,2717.4345703125,-0.3034057021141052,1.250252366065979,-60.18016815185547
3444.901123046875,410.2987060546875,2717.074951171875,-0.28027328848838806,1.1004868745803833,-60.366546630859375
3445.5205078125,410.31158447265625,2716.717041015625,-0.23797607421875,0.9214197993278503,-60.46261024475098
3446.14208984375,410.322021484375,2716.36083984375,-0.217926025390625,0.7426327466964722,-60.51394271850586
3446.7666015625,410.33099365234375,2716.0048828125,-0.1880492866039276,0.5909342765808105,-60.5413818359375
3447.392822265625,410.3384704589844,2715.648681640625,-0.1443786472082138,0.46831873059272766,-60.55621337890625
3448.0205078125,410.3434143066406,2715.292724609375,-0.0909728854894638,0.3018055558204651,-60.56414985656738
3448.650634765625,410.3458251953125,2714.936767578125,-0.069366455078125,0.1685827225446701,-60.56921577453613
3449.2822265625,410.3473815917969,2714.579833984375,-0.059722889214754105,0.04460796341300011,-60.57257270812988
3449.915283203125,410.34857177734375,2714.222412109375,-0.03030395321547985,-0.0827067568898201,-60.5748291015625
3450.550537109375,410.34765625,2713.864013671875,-0.0015258747152984142,-0.13842743635177612,-60.57634925842285
3451.1875,410.3456115722656,2713.504638671875,0.006550416350364685,-0.158112034201622,-60.57733345031738
3451.826171875,410.3434143066406,2713.14453125,0.0030590372625738382,-0.1680021584033966,-60.57793998718262
3452.466552734375,410.34173583984375,2712.78369140625,-0.0014648493379354477,-0.1331135481595993,-60.578094482421875
3453.1083984375,410.3406677246094,2712.42138671875,-0.006622312590479851,-0.05466200038790703,-60.57788276672363
3453.751708984375,410.3404235839844,2712.05859375,-0.00827026180922985,0.053070567548274994,-60.57742118835449
3454.396728515625,410.34100341796875,2711.69482421875,-0.010925290174782276,0.18418286740779877,-60.57681083679199
3455.04296875,410.34320068359375,2711.330322265625,-0.013671878725290298,0.305391401052475,-60.57638359069824
3455.6904296875,410.3470458984375,2710.96533203125,-0.012908944860100746,0.41649124026298523,-60.57625770568848
3456.33837890625,410.35260009765625,2710.59765625,0.009846596047282219,0.5241145491600037,-60.4765567779541
3456.983642578125,410.3595886230469,2710.224853515625,0.05823574215173721,0.6286437511444092,-60.12224769592285
3457.625244140625,410.3679504394531,2709.84326171875,0.11806993931531906,0.7302564382553101,-59.427968978881836
3458.26220703125,410.3777160644531,2709.452392578125,0.16985665261745453,0.8319374918937683,-58.47837829589844
3458.89306640625,410.3889465332031,2709.05126953125,0.22304978966712952,0.9325529932975769,-57.3853874206543
3459.517333984375,410.4013671875,2708.638671875,0.273347944021225,1.0296646356582642,-56.21525573730469
3460.134033203125,410.4150390625,2708.21435546875,0.30975350737571716,1.1258200407028198,-55.002708435058594
3460.743408203125,410.43011474609375,2707.778076171875,0.350072979927063,1.22355318069458,-53.7658805847168
3461.34423828125,410.44647216796875,2707.329345703125,0.39688968658447266,1.317762017250061,-52.51649475097656
3461.9365234375,410.4639892578125,2706.86767578125,0.4314151704311371,1.4096485376358032,-51.260093688964844
3462.5185546875,410.48272705078125,2706.393798828125,0.4602043032646179,1.5018218755722046,-49.9990348815918
3463.091064453125,410.5027160644531,2705.90673828125,0.5019850730895996,1.5923970937728882,-48.73528289794922
3463.65283203125,410.5236511230469,2705.407958984375,0.5737775564193726,1.665500521659851,-47.47858428955078
3464.2138671875,410.5567626953125,2704.902099609375,-0.80419921875,2.303945541381836,-46.30844497680664
3464.755859375,410.5829162597656,2704.380615234375,-0.7797853350639343,2.398502826690674,-45.211219787597656
3465.28564453125,410.60650634765625,2703.846435546875,-0.485107421875,2.383018732070923,-44.02085876464844
3465.802978515625,410.6297912597656,2703.301513671875,-0.20410141348838806,2.3624324798583984,-42.72169876098633
3466.308349609375,410.654052734375,2702.744873046875,0.012444071471691132,2.361271381378174,-41.34147644042969
3466.7998046875,410.67974853515625,2702.17626953125,0.18534092605113983,2.3764891624450684,-39.89659881591797
3467.27734375,410.7069396972656,2701.595947265625,0.3147297501564026,2.4083588123321533,-38.40165328979492
3467.740234375,410.7355041503906,2701.00390625,0.4187706708908081,2.4543941020965576,-36.87495040893555
3468.1865234375,410.76556396484375,2700.400146484375,0.4770139157772064,2.5169997215270996,-35.32978057861328
3468.6171875,410.79693603515625,2699.78515625,0.5054735541343689,2.5793933868408203,-33.77882766723633
3469.03076171875,410.8295593261719,2699.159423828125,0.5239262580871582,2.6444032192230225,-32.22295379638672
3469.427001953125,410.8634338378906,2698.522705078125,0.5264999866485596,2.7264952659606934,-30.661144256591797
3469.8056640625,410.89874267578125,2697.876220703125,0.5296371579170227,2.8008487224578857,-29.102161407470703
3470.166748046875,410.93499755859375,2697.2197265625,0.5128740072250366,2.8775858879089355,-27.542163848876953
