1320.7999267578125,69.1460952758789,3554.599853515625,0.0,0.0,-79.99943542480469
1320.7999267578125,68.99419403076172,3554.599853515625,0.0,0.0,-79.99943542480469
1320.7999267578125,68.99419403076172,3554.599853515625,0.0,0.0,-79.99943542480469
1320.7999267578125,68.8814926147461,3554.599853515625,0.0,0.0,-79.99943542480469
1320.7999267578125,68.74429321289062,3554.599853515625,0.0,0.0,-79.99943542480469
1320.7999267578125,68.58258819580078,3554.599853515625,0.0,0.0,-79.99943542480469
1320.7999267578125,68.39639282226562,3554.599853515625,0.0,0.0,-79.99943542480469
1320.7999267578125,68.1856918334961,3554.599853515625,0.0,0.0,-79.99943542480469
1320.7999267578125,67.95049285888672,3554.599853515625,0.0,0.0,-79.99943542480469
1320.7999267578125,67.6907958984375,3554.599853515625,0.0,0.0,-79.99943542480469
1320.802001953125,67.47694396972656,3554.5986328125,0.0762489065527916,1.247957468032837,-80.02476692199707
1320.7923583984375,67.48754119873047,3554.596435546875,0.26285576820373535,2.2564005851745605,-80.03135776519775
1320.7769775390625,67.50384521484375,3554.599365234375,0.09932969510555267,2.3378984928131104,-80.02403450012207
1320.7607421875,67.51549530029297,3554.60205078125,0.05632568523287773,2.233799695968628,-80.01942729949951
1320.7440185546875,67.52338409423828,3554.60546875,0.049025315791368484,2.0880980491638184,-80.01530456542969
1320.7274169921875,67.52851867675781,3554.60888671875,0.05724301189184189,1.9478263854980469,-80.01341342926025
1320.7109375,67.53168487548828,3554.612060546875,0.0633530393242836,1.8249717950820923,-80.01008892059326
1320.6944580078125,67.53350067138672,3554.615234375,0.07199107110500336,1.720032811164856,-80.00901985168457
1320.67822265625,67.53438568115234,3554.61865234375,0.07514441013336182,1.630393385887146,-80.00621318817139
1320.6614990234375,67.53465270996094,3554.621826171875,0.0805928185582161,1.5527068376541138,-80.00544834136963
1320.6446533203125,67.53446960449219,3554.625,0.0801214799284935,1.4831687211990356,-80.00291442871094
1320.6278076171875,67.53398895263672,3554.6279296875,0.08347959071397781,1.419524908065796,-80.00227355957031
1320.6109619140625,67.5333023071289,3554.631591796875,0.08354626595973969,1.360122799873352,-79.99962043762207
1320.593994140625,67.532470703125,3554.634521484375,0.08796373009681702,1.3044772148132324,-79.99900913238525
1320.576416015625,67.53153991699219,3554.6376953125,0.08781325072050095,1.2507168054580688,-79.99647521972656
1320.558837890625,67.53052520751953,3554.640869140625,0.0913366973400116,1.1983224153518677,-79.99586486816406
1320.541259765625,67.52946472167969,3554.64404296875,0.09011807292699814,1.147335171699524,-79.993332862854
1320.523681640625,67.52838134765625,3554.6474609375,0.09302674978971481,1.0973244905471802,-79.9926929473877
1320.5062255859375,67.52729034423828,3554.650634765625,0.09159017354249954,1.0487276315689087,-79.99022102355957
1320.4884033203125,67.52617645263672,3554.653564453125,0.09414078295230865,1.0002743005752563,-79.98963928222656
1320.469970703125,67.52503204345703,3554.65673828125,0.09204466640949249,0.9507964253425598,-79.98716831207275
1320.45166015625,67.52387237548828,3554.659912109375,0.09441050887107849,0.9016805291175842,-79.98658752441406
1320.433349609375,67.52269744873047,3554.663330078125,0.09258528053760529,0.8522026538848877,-79.98411655426025
1320.4151611328125,67.52152252197266,3554.66650390625,0.09438563138246536,0.8032097220420837,-79.98347568511963
1320.396728515625,67.52035522460938,3554.669677734375,0.09190335869789124,0.7546265721321106,-79.98097229003906
1320.37841796875,67.5191879272461,3554.6728515625,0.09402157366275787,0.7062005400657654,-79.98030376434326
1320.360107421875,67.51801300048828,3554.67626953125,0.09197687357664108,0.6575832366943359,-79.9778003692627
1320.341796875,67.51683044433594,3554.67919921875,0.09397401660680771,0.6089386343955994,-79.97715854644775
1320.341796875,67.51683044433594,3554.67919921875,0.09397401660680771,0.6089386343955994,-79.97715854644775
1320.30517578125,67.5145034790039,3554.685546875,0.0939035564661026,0.5125032067298889,-79.97407627105713
1320.2685546875,67.51215362548828,3554.692138671875,0.09411687403917313,0.41573992371559143,-79.97093296051025
1320.2685546875,67.51215362548828,3554.692138671875,0.09411687403917313,0.41573992371559143,-79.97093296051025
1320.250244140625,67.51097869873047,3554.6953125,0.09172337502241135,0.3673821985721588,-79.96839904785156
1320.231689453125,67.50980377197266,3554.6982421875,0.09404340386390686,0.3188605308532715,-79.96776008605957
1320.212890625,67.50861358642578,3554.701416015625,0.09184752404689789,0.26962852478027344,-79.96522521972656
1320.194091796875,67.50741577148438,3554.704833984375,0.09331585466861725,0.22019162774085999,-79.96458530426025
1320.17529296875,67.50627136230469,3554.7080078125,0.09946157783269882,0.17364388704299927,-79.96360683441162
1320.157470703125,67.50544738769531,3554.7109375,0.14837266504764557,0.14509369432926178,-79.967453956604
1320.140625,67.5048828125,3554.71337890625,0.20854823291301727,0.1255388706922531,-79.96922492980957
1320.1243896484375,67.5044174194336,3554.716064453125,0.27266696095466614,0.10727494210004807,-79.97288513183594
1320.1083984375,67.50401306152344,3554.718994140625,0.3318606913089752,0.09041120857000351,-79.97459316253662
1320.0933837890625,67.50360870361328,3554.721435546875,0.3893671929836273,0.07289177179336548,-79.97813510894775
1320.078857421875,67.50322723388672,3554.724365234375,0.4413534700870514,0.0561031699180603,-79.97969245910645
1320.064697265625,67.5028305053711,3554.72705078125,0.4926007390022278,0.03850177302956581,-79.98311042785645
1320.05126953125,67.50249481201172,3554.72998046875,0.5311095118522644,0.02538781240582466,-79.98371982574463
1320.0390625,67.50241088867188,3554.732177734375,0.5380573272705078,0.025182906538248062,-79.98475742340088
1320.02783203125,67.50247192382812,3554.733642578125,0.5333605408668518,0.029315169900655746,-79.98381328582764
1320.0174560546875,67.50257873535156,3554.7353515625,0.5261792540550232,0.03389822691679001,-79.98484992980957
1320.00830078125,67.50269317626953,3554.73681640625,0.5191898941993713,0.037661660462617874,-79.98390293121338
1320.0,67.5027847290039,3554.73828125,0.513740599155426,0.04053033888339996,-79.9849100112915
1319.9923095703125,67.50286102294922,3554.740234375,0.5094478130340576,0.042599886655807495,-79.98396492004395
1319.9852294921875,67.50292205810547,3554.74169921875,0.5061988234519958,0.04409569874405861,-79.98497200012207
1319.97900390625,67.50296020507812,3554.743408203125,0.5037236213684082,0.045079246163368225,-79.98399543762207
1319.9732666015625,67.50298309326172,3554.744873046875,0.5020639896392822,0.04575543478131294,-79.98500061035156
1319.9678955078125,67.50299835205078,3554.74658203125,0.5005707740783691,0.04622671753168106,-79.98402404785156
1319.9632568359375,67.50300598144531,3554.748046875,0.4996677339076996,0.0465204156935215,-79.98503112792969
1319.9588623046875,67.50300598144531,3554.74951171875,0.49880602955818176,0.04664335772395134,-79.98402500152588
1319.9549560546875,67.50301361083984,3554.74951171875,0.4981158971786499,0.04664335772395134,-79.985032081604
1319.951171875,67.5030288696289,3554.74951171875,0.4978511333465576,0.04673215001821518,-79.984055519104
1319.9481201171875,67.5030288696289,3554.74951171875,0.49770453572273254,0.04654773697257042,-79.98506259918213
1319.9449462890625,67.5030288696289,3554.74951171875,0.4974575340747833,0.0464862659573555,-79.98405647277832
1319.942138671875,67.50303649902344,3554.74951171875,0.49720636010169983,0.04635649174451828,-79.98506259918213
1319.9398193359375,67.50304412841797,3554.74951171875,0.4970890283584595,0.04625403881072998,-79.98408603668213
1319.9375,67.5030517578125,3554.74951171875,0.49705493450164795,0.0460423044860363,-79.98509407043457
1319.9351806640625,67.5030517578125,3554.74951171875,0.4967840611934662,0.04600132256746292,-79.98408603668213
1319.933349609375,67.50305938720703,3554.74951171875,0.4966959059238434,0.04596716910600662,-79.98509407043457
1319.931884765625,67.50306701660156,3554.74951171875,0.49654969573020935,0.0458715483546257,-79.98408603668213
1319.9302978515625,67.50306701660156,3554.74951171875,0.4966793656349182,0.0458373986184597,-79.98512363433838
1319.9287109375,67.50306701660156,3554.74951171875,0.4969768524169922,0.045659810304641724,-79.98411846160889
1319.9271240234375,67.50306701660156,3554.74951171875,0.49682119488716125,0.0455300398170948,-79.9851541519165
1319.925537109375,67.50306701660156,3554.74951171875,0.4968036115169525,0.04545490816235542,-79.9841480255127
1319.9246826171875,67.50306701660156,3554.74951171875,0.4965957999229431,0.045434415340423584,-79.9851541519165
1319.923828125,67.50306701660156,3554.74951171875,0.49670660495758057,0.045434415340423584,-79.9841480255127
1319.923095703125,67.50306701660156,3554.74951171875,0.4966462254524231,0.045297812670469284,-79.98515510559082
1319.92236328125,67.50306701660156,3554.74951171875,0.4965364336967468,0.045243170112371445,-79.9841480255127
1319.9215087890625,67.5030746459961,3554.74951171875,0.49650606513023376,0.045147549360990524,-79.9851541519165
1319.9207763671875,67.5030746459961,3554.74951171875,0.4964645504951477,0.045045096427202225,-79.98414611816406
1319.919921875,67.5030746459961,3554.74951171875,0.49650564789772034,0.045045096427202225,-79.9851541519165
1319.919189453125,67.5030746459961,3554.74951171875,0.49667888879776,0.044956304132938385,-79.98414707183838
1319.91845703125,67.5030746459961,3554.74951171875,0.4967283010482788,0.044922150671482086,-79.986008644104
1319.917724609375,67.5030746459961,3554.74951171875,0.49668368697166443,0.045072417706251144,-79.98396396636963
1319.917724609375,67.5030746459961,3554.74951171875,0.49668368697166443,0.045072417706251144,-79.98396396636963
1319.919677734375,67.50305938720703,3554.74951171875,0.4964570105075836,0.047661058604717255,-79.98463439941406
1319.925537109375,67.50304412841797,3554.748779296875,0.496640145778656,0.05117860436439514,-79.97725009918213
1319.935302734375,67.5030288696289,3554.7470703125,0.4967377483844757,0.05443660542368889,-79.97386360168457
1319.94970703125,67.5030288696289,3554.744384765625,0.4964596927165985,0.05725747346878052,-79.98341464996338
1319.96826171875,67.50303649902344,3554.7412109375,0.496741384267807,0.05969585105776787,-79.98271179199219
1319.990234375,67.50304412841797,3554.73779296875,0.4966214895248413,0.060406189411878586,-79.9827127456665
1320.013916015625,67.50306701660156,3554.733154296875,0.49670249223709106,0.05936117097735405,-79.98271179199219
1320.0379638671875,67.50309753417969,3554.728271484375,0.49663034081459045,0.05714818835258484,-79.98268222808838
1320.0625,67.50316619873047,3554.7236328125,0.4919998347759247,0.0565471313893795,-79.98314094543457
1320.086181640625,67.5035400390625,3554.71923828125,0.44888678193092346,0.07123886793851852,-79.9870777130127
1320.1090087890625,67.50416564941406,3554.71484375,0.383104532957077,0.09541773796081543,-79.99052619934082
1320.1307373046875,67.50486755371094,3554.71044921875,0.31589803099632263,0.12072359025478363,-79.99428081512451
1320.151123046875,67.50560760498047,3554.70654296875,0.24654532968997955,0.1473340094089508,-79.9974536895752
1320.17041015625,67.50629425048828,3554.70361328125,0.18329273164272308,0.1717246025800705,-80.00108623504639
1320.1885986328125,67.50698852539062,3554.700927734375,0.1268598884344101,0.19768615067005157,-80.00340461730957
1320.2044677734375,67.50782775878906,3554.697998046875,0.1045183539390564,0.2312018871307373,-80.00224590301514
1320.21875,67.50875091552734,3554.69482421875,0.09625780582427979,0.26757946610450745,-80.00062561035156
1320.2313232421875,67.50959014892578,3554.693359375,0.09427271038293839,0.2994149923324585,-79.99946784973145
1320.2423095703125,67.5103759765625,3554.69189453125,0.09359416365623474,0.3296317458152771,-79.99787998199463
1320.251220703125,67.51103973388672,3554.68994140625,0.09322792291641235,0.3538515865802765,-79.99675178527832
1320.25830078125,67.51158905029297,3554.6884765625,0.09345527738332748,0.37466317415237427,-79.99519538879395
1320.263916015625,67.51199340820312,3554.686767578125,0.09361663460731506,0.38916367292404175,-79.99412727355957
1320.267578125,67.51229095458984,3554.686767578125,0.09402266144752502,0.4007818102836609,-79.9925708770752
1320.2696533203125,67.51244354248047,3554.686767578125,0.09411976486444473,0.40621864795684814,-79.99150276184082
1320.2703857421875,67.51250457763672,3554.686767578125,0.09423673152923584,0.4089029133319855,-79.9900074005127
1320.26904296875,67.51243591308594,3554.686767578125,0.09444065392017365,0.40583616495132446,-79.98893737792969
1320.2664794921875,67.51229095458984,3554.686767578125,0.09451864659786224,0.4001193046569824,-79.98741245269775
1320.262451171875,67.51202392578125,3554.6875,0.09446965157985687,0.38852164149284363,-79.98631286621094
1320.2568359375,67.51168823242188,3554.68896484375,0.09445558488368988,0.3753393590450287,-79.98475742340088
1320.25,67.51122283935547,3554.6904296875,0.09445469826459885,0.35700714588165283,-79.98359966278076
1320.2421875,67.5107192993164,3554.692138671875,0.09402917325496674,0.3377186954021454,-79.98198127746582
1320.233154296875,67.51011657714844,3554.693603515625,0.09402694553136826,0.3137447237968445,-79.98079204559326
1320.2232666015625,67.50948333740234,3554.6953125,0.09367439895868301,0.28937461972236633,-79.97917366027832
1320.2125244140625,67.50877380371094,3554.69677734375,0.09370303899049759,0.2608380913734436,-79.97795295715332
1320.200927734375,67.50804138183594,3554.6982421875,0.09380140155553818,0.2316800057888031,-79.97627258300781
1320.1885986328125,67.50724029541016,3554.7001953125,0.09361641854047775,0.19940052926540375,-79.97502136230469
1320.1759033203125,67.5064926147461,3554.701904296875,0.10285627841949463,0.17118501663208008,-79.97483921051025
1320.1632080078125,67.5059585571289,3554.704833984375,0.14290082454681396,0.15383633971214294,-79.97752380371094
1320.151123046875,67.50554656982422,3554.70751953125,0.18858668208122253,0.14094094932079315,-79.98005962371826
1320.13916015625,67.50518035888672,3554.710205078125,0.23712073266506195,0.12777917087078094,-79.98262119293213
1320.1273193359375,67.50485229492188,3554.713134765625,0.2814072072505951,0.11534139513969421,-79.9851245880127
1320.1156005859375,67.5045166015625,3554.7158203125,0.32623517513275146,0.10157857090234756,-79.98759746551514
1320.104248046875,67.50419616699219,3554.717529296875,0.36669689416885376,0.08840996026992798,-79.99006843566895
1320.0931396484375,67.50386810302734,3554.718994140625,0.40688201785087585,0.07442173361778259,-79.9924201965332
1320.08203125,67.50355529785156,3554.72021484375,0.4435216784477234,0.06136241555213928,-79.99488925933838
1320.0709228515625,67.50321960449219,3554.721435546875,0.4817352890968323,0.047278568148612976,-79.99717617034912
1320.0601806640625,67.50289916992188,3554.72265625,0.5166357755661011,0.03395969793200493,-79.9996509552002
1320.0498046875,67.5026626586914,3554.724365234375,0.538899838924408,0.02559271827340126,-80.00062656402588
1320.0404052734375,67.50262451171875,3554.725830078125,0.538050651550293,0.027395887300372124,-80.00065612792969
1320.03173828125,67.50267791748047,3554.7275390625,0.531175434589386,0.03139154613018036,-80.00068664550781
1320.0240478515625,67.50276947021484,3554.72900390625,0.5233144164085388,0.03538037836551666,-80.00074863433838
1320.016845703125,67.50285339355469,3554.73046875,0.5169936418533325,0.03852226585149765,-80.0007791519165
1320.010498046875,67.50292205810547,3554.732177734375,0.512086033821106,0.0408240370452404,-80.00081062316895
1320.004638671875,67.50297546386719,3554.733642578125,0.5081813335418701,0.042531587183475494,-80.00084018707275
1319.9993896484375,67.50301361083984,3554.7353515625,0.5053236484527588,0.04381566122174263,-80.00084114074707
1319.99462890625,67.50303649902344,3554.73681640625,0.5029396414756775,0.04470358416438103,-80.000412940979
1319.9906005859375,67.5030517578125,3554.73779296875,0.5013624429702759,0.04562566056847572,-80.00026035308838
1319.9871826171875,67.50306701660156,3554.738037109375,0.500054657459259,0.04606962203979492,-79.99998664855957
1319.98486328125,67.50308227539062,3554.738037109375,0.499298632144928,0.04715562239289284,-79.99897766113281
1319.9844970703125,67.50308227539062,3554.738037109375,0.49868884682655334,0.04893830418586731,-79.99962043762207
1319.988037109375,67.50306701660156,3554.7373046875,0.4981849491596222,0.05160890519618988,-79.9971170425415
1319.990234375,67.50308990478516,3554.73681640625,0.4977768063545227,0.049730606377124786,-79.99653625488281
1319.994140625,67.50308990478516,3554.73583984375,0.4972964823246002,0.050468266010284424,-79.99583530426025
1320.0013427734375,67.50308990478516,3554.734619140625,0.4971340000629425,0.053009096533060074,-79.99461460113525
1320.012451171875,67.50308990478516,3554.732666015625,0.4969915449619293,0.055508945137262344,-79.99995422363281
1320.0269775390625,67.50308990478516,3554.730224609375,0.4968591630458832,0.0571618489921093,-79.98921298980713
1320.044677734375,67.50310516357422,3554.72705078125,0.49661898612976074,0.058384452015161514,-79.9814920425415
1320.0657958984375,67.50316619873047,3554.723388671875,0.48758214712142944,0.0629948303103447,-79.99733066558838
1320.0904541015625,67.50366973876953,3554.718994140625,0.42704546451568604,0.08889490365982056,-79.99433994293213
1320.119873046875,67.50447845458984,3554.7138671875,0.3386203646659851,0.1270483434200287,-79.98326206207275
1320.1536865234375,67.50547790527344,3554.708251953125,0.23515000939369202,0.17115087807178497,-79.99977016448975
1320.191162109375,67.50669860839844,3554.701416015625,0.12162470817565918,0.22136642038822174,-80.01594638824463
1320.233154296875,67.50868225097656,3554.694091796875,0.06592236459255219,0.3117298185825348,-80.00874519348145
1320.279296875,67.51146697998047,3554.686279296875,0.056331560015678406,0.4336486756801605,-80.00923252105713
1320.3297119140625,67.51473236083984,3554.6767578125,0.057496797293424606,0.57118821144104,-79.99446105957031
1320.384033203125,67.51834869384766,3554.66748046875,0.06781455129384995,0.7190481424331665,-79.99119567871094
1320.44189453125,67.52220916748047,3554.657470703125,0.07628511637449265,0.8752750158309937,-79.9882984161377
1320.5050048828125,67.52635192871094,3554.646240234375,0.08061747997999191,1.045654058456421,-79.982102394104
1320.571533203125,67.53072357177734,3554.635009765625,0.08356620371341705,1.2237170934677124,-79.9789924621582
1320.642822265625,67.53539276123047,3554.6220703125,0.08610378205776215,1.4157546758651733,-79.97682285308838
1320.7178955078125,67.54022979736328,3554.60888671875,0.0933772549033165,1.6125802993774414,-79.97432231903076
1320.7979736328125,67.54530334472656,3554.5947265625,0.1053362786769867,1.821932315826416,-79.97236728668213
1320.8817138671875,67.55057525634766,3554.580322265625,0.11874603480100632,2.0377185344696045,-79.97041416168213
1320.9700927734375,67.5561294555664,3554.564208984375,0.13237257301807404,2.2674176692962646,-79.96821784973145
1321.0625,67.56190490722656,3554.54833984375,0.1469627320766449,2.5050127506256104,-79.96602058410645
1321.1595458984375,67.5679702758789,3554.53125,0.1617983877658844,2.756206512451172,-79.96406936645508
1321.260009765625,67.57426452636719,3554.513427734375,0.1772129237651825,3.014845371246338,-79.9620532989502
1321.3656005859375,67.58081817626953,3554.49462890625,0.1922289878129959,3.2867279052734375,-79.96007061004639
1321.474853515625,67.58763122558594,3554.475341796875,0.2082783281803131,3.5674896240234375,-79.95796489715576
1321.5882568359375,67.59457397460938,3554.45556640625,0.23501481115818024,3.851919174194336,-79.95296001434326
1321.7049560546875,67.59855651855469,3554.434814453125,0.22659066319465637,3.9746508598327637,-79.9602222442627
1321.82666015625,67.6004638671875,3554.4130859375,0.22182150185108185,4.025467395782471,-79.96253967285156
1321.953125,67.60147094726562,3554.39111328125,0.21723896265029907,4.05636739730835,-79.97187805175781
1322.0848388671875,67.60216522216797,3554.36767578125,0.21509166061878204,4.088414192199707,-79.97337627410889
1322.221435546875,67.60286712646484,3554.34375,0.21242211759090424,4.12404727935791,-79.98130893707275
1322.36328125,67.60370635986328,3554.318359375,0.21201081573963165,4.1666951179504395,-79.9814624786377
1322.510498046875,67.60472869873047,3554.2919921875,0.21084368228912354,4.213639259338379,-79.98747444152832
1322.662841796875,67.60591125488281,3554.265625,0.2115010917186737,4.266422748565674,-79.9862232208252
1322.8203125,67.60726165771484,3554.23779296875,0.21109549701213837,4.32241678237915,-79.99028015136719
1322.98291015625,67.6087417602539,3554.210205078125,0.207453191280365,4.383034706115723,-80.06318759918213
1323.150390625,67.61214447021484,3554.185546875,0.052982356399297714,4.364852428436279,-80.25169372558594
1323.3197021484375,67.6218032836914,3554.161865234375,-0.06985476613044739,4.099328994750977,-80.47526836395264
1323.4915771484375,67.63565063476562,3554.1376953125,-0.09112543612718582,3.7046055793762207,-80.67201519012451
1323.666259765625,67.65132904052734,3554.111083984375,-0.07485958933830261,3.2725210189819336,-80.73109912872314
1323.84423828125,67.6675796508789,3554.08203125,-0.0444641076028347,2.8396987915039062,-80.74333381652832
1324.026123046875,67.68401336669922,3554.052978515625,-0.015258800238370895,2.4090211391448975,-80.74064826965332
1324.2120361328125,67.70052337646484,3554.0224609375,0.013321131467819214,1.979074478149414,-80.74342632293701
1324.40185546875,67.71707153320312,3553.99169921875,0.03702514246106148,1.5491278171539307,-80.74003982543945
1324.595947265625,67.73285675048828,3553.96044921875,0.04111833870410919,1.1555176973342896,-80.74080276489258
1324.7965087890625,67.74180603027344,3553.927978515625,0.029146859422326088,1.0425463914871216,-80.73833084106445
1325.0028076171875,67.7470932006836,3553.894287109375,0.016045214608311653,1.0498956441879272,-80.73952007293701
1325.2138671875,67.75093841552734,3553.85986328125,0.007128572557121515,1.087523102760315,-80.73863697052002
1325.429443359375,67.7543716430664,3553.824951171875,0.004979308228939772,1.1254853010177612,-80.73921394348145
1325.6492919921875,67.75788116455078,3553.7890625,0.004636329133063555,1.1571296453475952,-80.73875713348389
1325.8739013671875,67.7618179321289,3553.75244140625,-0.008178711868822575,1.191622018814087,-80.73891162872314
1326.1026611328125,67.76627349853516,3553.71484375,-0.02023315243422985,1.228095293045044,-80.73866558074951
1326.335693359375,67.77104949951172,3553.677001953125,-0.023590082302689552,1.2588516473770142,-80.73817729949951
1326.5732421875,67.7761001586914,3553.637939453125,-0.0241699256002903,1.28562593460083,-80.73759937286377
1326.81494140625,67.78163146972656,3553.598876953125,-0.03009033389389515,1.3240525722503662,-80.73711013793945
1327.0609130859375,67.78768157958984,3553.55859375,-0.0314636193215847,1.3742066621780396,-80.7364387512207
1327.3114013671875,67.7943344116211,3553.51806640625,-0.034667957574129105,1.4294697046279907,-80.73582744598389
1327.562255859375,67.80108642578125,3553.4775390625,-0.05612180754542351,1.484609842300415,-80.73704814910889
1327.810791015625,67.80804443359375,3553.436767578125,-0.0789489597082138,1.5480828285217285,-80.73387432098389
1328.062255859375,67.81542205810547,3553.3955078125,-0.0923461839556694,1.6269646883010864,-80.73137092590332
1328.3155517578125,67.82301330566406,3553.354248046875,-0.0964355394244194,1.7084555625915527,-80.73042678833008
1328.568115234375,67.83057403564453,3553.313720703125,-0.102447509765625,1.7918727397918701,-80.72960186004639
1328.821044921875,67.83869171142578,3553.272705078125,-0.1192016452550888,1.8918871879577637,-80.72819805145264
1329.0748291015625,67.84745025634766,3553.23095703125,-0.13183589279651642,1.9898730516433716,-80.72618389129639
1329.330810546875,67.8564224243164,3553.188720703125,-0.1335754096508026,2.0920801162719727,-80.7244758605957
1329.5889892578125,67.86549377441406,3553.146240234375,-0.1360779106616974,2.198302984237671,-80.72358989715576
1329.8499755859375,67.8753433227539,3553.10400390625,-0.1424255520105362,2.2989389896392822,-80.7225513458252
1330.11376953125,67.88577270507812,3553.060546875,-0.1431884616613388,2.3902313709259033,-80.72087574005127
1330.380615234375,67.8965835571289,3553.016845703125,-0.150543212890625,2.4765443801879883,-80.71940898895264
1330.650634765625,67.90772247314453,3552.97314453125,-0.171539306640625,2.5550780296325684,-80.71946907043457
1330.923828125,67.91947174072266,3552.927734375,-0.17874141037464142,2.614835262298584,-80.7187385559082
1331.200439453125,67.93153381347656,3552.88232421875,-0.17935176193714142,2.6686229705810547,-80.71736526489258
1331.48046875,67.94380950927734,3552.83642578125,-0.1794738471508026,2.7215638160705566,-80.71693801879883
1331.763671875,67.9566650390625,3552.790283203125,-0.1885375678539276,2.754683494567871,-80.71733379364014
1332.0504150390625,67.97014617919922,3552.743408203125,-0.19058223068714142,2.772510290145874,-80.71782112121582
1332.3404541015625,67.98394775390625,3552.69580078125,-0.1899719089269638,2.789654016494751,-80.71699810028076
1332.6339111328125,67.99808502197266,3552.6474609375,-0.1929626166820526,2.801975727081299,-80.7165412902832
1332.9305419921875,68.01276397705078,3552.599365234375,-0.1955871731042862,2.806784152984619,-80.71714973449707
1333.23095703125,68.02777862548828,3552.5498046875,-0.19561767578125,2.81274676322937,-80.71745586395264
1333.5343017578125,68.04298400878906,3552.5,-0.19467158615589142,2.819249153137207,-80.71709060668945
1333.8414306640625,68.058349609375,3552.449951171875,-0.1927795112133026,2.8274521827697754,-80.71696949005127
1334.1514892578125,68.07390594482422,3552.39892578125,-0.19186396896839142,2.839562177658081,-80.71718311309814
1334.4654541015625,68.08963012695312,3552.347412109375,-0.1915283501148224,2.8537280559539795,-80.71724224090576
1334.7821044921875,68.10549926757812,3552.2958984375,-0.19134521484375,2.8682217597961426,-80.71718215942383
1335.1024169921875,68.12155151367188,3552.243408203125,-0.1918029487133026,2.8818411827087402,-80.71718215942383
1335.4259033203125,68.13778686523438,3552.190185546875,-0.19189448654651642,2.89387583732605,-80.71721267700195
1335.752685546875,68.15422821044922,3552.13720703125,-0.19311529397964478,2.9040801525115967,-80.71724224090576
1336.08251953125,68.17095184326172,3552.082763671875,-0.194061279296875,2.9088613986968994,-80.71736431121826
1336.415771484375,68.18789672851562,3552.028076171875,-0.19390869140625,2.9127886295318604,-80.71751880645752
1336.7518310546875,68.20499420166016,3551.973388671875,-0.1907043159008026,2.916729688644409,-80.71745491027832
1337.0914306640625,68.22233581542969,3551.917724609375,-0.1849365383386612,2.917576551437378,-80.71776103973389
1337.433837890625,68.2398452758789,3551.861572265625,-0.1778869777917862,2.91403865814209,-80.71797275543213
1337.7796630859375,68.25740814208984,3551.80517578125,-0.17590327560901642,2.904209852218628,-80.7183723449707
1338.12841796875,68.2750244140625,3551.747802734375,-0.17553706467151642,2.892359495162964,-80.71870803833008
1338.48046875,68.29278564453125,3551.68994140625,-0.17599482834339142,2.880652666091919,-80.7191047668457
1338.8353271484375,68.3106918334961,3551.632080078125,-0.1753540188074112,2.8690550327301025,-80.71947002410889
1339.193603515625,68.32872772216797,3551.5732421875,-0.1696777641773224,2.8570680618286133,-80.71983623504639
1339.554443359375,68.34679412841797,3551.513916015625,-0.1646728515625,2.8383190631866455,-80.72038555145264
1339.9188232421875,68.36492919921875,3551.45458984375,-0.159423828125,2.8167972564697266,-80.72081279754639
1340.2860107421875,68.3831558227539,3551.39453125,-0.1539916694164276,2.7944488525390625,-80.72121047973633
1340.6563720703125,68.4013671875,3551.333740234375,-0.1516418606042862,2.779900550842285,-80.72151470184326
1341.030029296875,68.4196548461914,3551.272705078125,-0.155181884765625,2.7712466716766357,-80.72203350067139
1341.4068603515625,68.43870544433594,3551.212158203125,-0.163116455078125,2.7982394695281982,-80.79243850708008
1341.786376953125,68.4583740234375,3551.15185546875,-0.1573791205883026,2.839651107788086,-80.85441970825195
1342.1688232421875,68.47834014892578,3551.090576171875,-0.14801025390625,2.8847575187683105,-80.87929153442383
1342.55419921875,68.49833679199219,3551.029052734375,-0.141510009765625,2.936093330383301,-80.88942337036133
1342.9427490234375,68.51863861083984,3550.966064453125,-0.1427001655101776,3.0051329135894775,-80.89351272583008
1343.3338623046875,68.53970336914062,3550.903564453125,-0.14062495529651642,3.107346534729004,-80.8947343826294
1343.728271484375,68.5612564086914,3550.8408203125,-0.1365051120519638,3.21871280670166,-80.89506816864014
1344.124755859375,68.58328247070312,3550.7763671875,-0.1371154487133026,3.3180646896362305,-80.89528369903564
1344.52392578125,68.60636138916016,3550.71240234375,-0.1365966647863388,3.380171537399292,-80.89516067504883
1344.9254150390625,68.62989807128906,3550.6484375,-0.1360168159008026,3.431971788406372,-80.89516258239746
1345.329833984375,68.65367126464844,3550.583251953125,-0.1361999213695526,3.4822351932525635,-80.89516067504883
1345.7366943359375,68.67759704589844,3550.517333984375,-0.1373290717601776,3.5299577713012695,-80.8949785232544
1346.1461181640625,68.7022705078125,3550.451904296875,-0.1333007961511612,3.5301284790039062,-80.89537239074707
1346.5576171875,68.72744750976562,3550.38623046875,-0.12683109939098358,3.506653070449829,-80.89567852020264
1346.9718017578125,68.75283813476562,3550.319580078125,-0.1224060133099556,3.478949785232544,-80.89607429504395
1347.3885498046875,68.7783203125,3550.25244140625,-0.1217956468462944,3.4518749713897705,-80.89644050598145
1347.8077392578125,68.80388641357422,3550.185302734375,-0.1219482347369194,3.426774024963379,-80.89677810668945
1348.2294921875,68.82950592041016,3550.1181640625,-0.11965938657522202,3.3990638256073,-80.8970832824707
1348.6539306640625,68.85498809814453,3550.049560546875,-0.11535640805959702,3.3607330322265625,-80.89748191833496
1349.0809326171875,68.88021087646484,3549.98095703125,-0.10714726150035858,3.330502510070801,-80.89769268035889
1349.5106201171875,68.90531921386719,3549.912109375,-0.1006164699792862,3.307013511657715,-80.89787673950195
1349.942626953125,68.93041229248047,3549.84326171875,-0.09808345884084702,3.28532075881958,-80.89811992645264
1350.3773193359375,68.95559692382812,3549.77294921875,-0.09814450889825821,3.2649872303009033,-80.8983964920044
1350.8114013671875,68.97872161865234,3549.701416015625,0.20984002947807312,3.119190216064453,-80.9150276184082
1351.243408203125,68.99658203125,3549.62744140625,1.1000635623931885,2.738844156265259,-80.92811870574951
1351.6746826171875,69.01007080078125,3549.552978515625,2.341628313064575,2.22078800201416,-80.90398216247559
1352.117919921875,69.0396728515625,3549.496826171875,0.9512851238250732,2.766083002090454,-80.89137649536133
1352.56640625,69.08073425292969,3549.435302734375,-0.7366331815719604,3.481797933578491,-80.98433303833008
1353.017822265625,69.12318420410156,3549.36865234375,-2.242279291152954,4.123166561126709,-81.0513801574707
1353.4678955078125,69.15248107910156,3549.291748046875,-2.124817132949829,4.088093280792236,-81.09267139434814
1353.9224853515625,69.17407989501953,3549.2138671875,-1.538299560546875,4.025282859802246,-81.12859058380127
1354.37939453125,69.18858337402344,3549.13623046875,-0.5834959745407104,4.175963878631592,-81.21803760528564
1354.836669921875,69.19903564453125,3549.05517578125,0.5518848896026611,4.4888410568237305,-81.08113670349121
1355.2845458984375,69.2359390258789,3548.9794921875,-0.565704345703125,3.6207993030548096,-80.16288948059082
1355.728759765625,69.28184509277344,3548.8857421875,-1.9632872343063354,2.5773513317108154,-78.32478046417236
1356.177001953125,69.31092834472656,3548.765869140625,-1.9989317655563354,2.3472626209259033,-76.02641010284424
1356.627685546875,69.33189392089844,3548.633056640625,-1.738189935684204,2.3520915508270264,-74.18113231658936
1357.08154296875,69.3506851196289,3548.504638671875,-1.51068115234375,2.381031036376953,-73.5676097869873
1357.5374755859375,69.36943054199219,3548.389404296875,-1.309417724609375,2.3850200176239014,-74.13529872894287
1357.9949951171875,69.388427734375,3548.290771484375,-1.109954833984375,2.3564629554748535,-75.57749462127686
1358.45556640625,69.40734100341797,3548.2080078125,-0.914703369140625,2.3364436626434326,-77.46338939666748
1358.9195556640625,69.42627716064453,3548.14111328125,-0.7328796982765198,2.298351764678955,-79.548659324646
1359.38671875,69.44490051269531,3548.090576171875,-0.5722960829734802,2.2613935470581055,-81.73622608184814
1359.857666015625,69.46329498291016,3548.049072265625,-0.3908080756664276,2.2381162643432617,-83.52218246459961
1360.330322265625,69.48196411132812,3547.99951171875,-0.1916503757238388,2.2135002613067627,-84.16387510299683
1360.8013916015625,69.5005111694336,3547.9365234375,-0.0335083082318306,2.2012195587158203,-83.66814756393433
1361.2685546875,69.51898193359375,3547.856201171875,0.062066271901130676,2.193241834640503,-82.264639377594
1361.735595703125,69.53743743896484,3547.76708984375,0.05158193036913872,2.1932692527770996,-80.83500957489014
1362.20654296875,69.55570983886719,3547.6865234375,-0.0330200158059597,2.2068066596984863,-80.35551738739014
1362.6798095703125,69.573974609375,3547.620849609375,-0.11193843185901642,2.2187867164611816,-80.93129444122314
1363.1539306640625,69.5922622680664,3547.57373046875,-0.1491394191980362,2.2259585857391357,-82.37096357345581
1363.630126953125,69.61062622070312,3547.53515625,-0.0963439792394638,2.231299638748169,-83.81908702850342
1364.107666015625,69.62945556640625,3547.4873046875,0.029487399384379387,2.2541604042053223,-84.29281282424927
1364.583251953125,69.64900970458984,3547.4248046875,0.1406608670949936,2.3038227558135986,-83.69469785690308
1365.0579833984375,69.66893005371094,3547.35205078125,0.15872056782245636,2.3595569133758545,-82.66445302963257
1365.5360107421875,69.6894760131836,3547.287353515625,0.09000197052955627,2.4390604496002197,-82.39067792892456
1366.0157470703125,69.71061706542969,3547.23876953125,0.0195847786962986,2.5379068851470947,-83.08425426483154
1366.4967041015625,69.73192596435547,3547.203125,0.014279454946517944,2.639765501022339,-84.27343320846558
1366.9798583984375,69.75357818603516,3547.165283203125,0.0971360132098198,2.7328882217407227,-84.97170782089233
1367.4605712890625,69.77619171142578,3547.111572265625,0.20578263700008392,2.7978501319885254,-84.56530380249023
1367.9376220703125,69.79930877685547,3547.039306640625,0.26161545515060425,2.865312099456787,-83.19866514205933
1368.4134521484375,69.82010650634766,3546.957763671875,0.1969004124403,2.7537546157836914,-81.77257347106934
1368.892333984375,69.84027862548828,3546.8818359375,0.11974549293518066,2.586530923843384,-81.15593433380127
1369.3741455078125,69.86297607421875,3546.806396484375,0.07332123816013336,2.543391466140747,-80.94661331176758
1369.8570556640625,69.88699340820312,3546.73046875,0.05568458139896393,2.53757905960083,-80.85826396942139
1370.3389892578125,69.91161346435547,3546.654296875,0.049227334558963776,2.5383849143981934,-80.81621074676514
1370.817138671875,69.93663787841797,3546.578125,0.04867717623710632,2.53017520904541,-80.79976272583008
1371.291259765625,69.95882415771484,3546.501220703125,0.046246595680713654,2.641862392425537,-80.78843975067139
1371.759033203125,69.97795104980469,3546.42578125,0.04309822618961334,2.837007761001587,-80.78557205200195
1372.2181396484375,69.99944305419922,3546.3515625,0.040864452719688416,2.8934319019317627,-80.78221416473389
1372.6688232421875,70.02191925048828,3546.2783203125,0.03999321162700653,2.9025161266326904,-80.78352737426758
1373.1116943359375,70.04467010498047,3546.20654296875,0.040982041507959366,2.9064297676086426,-80.78090286254883
1373.5460205078125,70.06746673583984,3546.13623046875,0.0425603911280632,2.91168212890625,-80.78337383270264
1373.97216796875,70.0899658203125,3546.067138671875,0.04416545107960701,2.9178431034088135,-80.7807788848877
1374.3900146484375,70.11203002929688,3545.9990234375,0.04578497260808945,2.9257795810699463,-80.78355598449707
1374.799560546875,70.13361358642578,3545.9326171875,0.04778733476996422,2.936434745788574,-80.78077983856201
1375.2008056640625,70.15471649169922,3545.86767578125,0.05099678784608841,2.948387622833252,-80.78370952606201
1375.5938720703125,70.17533874511719,3545.803955078125,0.05393953248858452,2.9615561962127686,-80.78096294403076
1375.978759765625,70.19569396972656,3545.741455078125,0.05561697110533714,2.9735090732574463,-80.78401565551758
1376.35546875,70.21581268310547,3545.6806640625,0.05720679461956024,2.9804210662841797,-80.78126811981201
1376.7242431640625,70.23558044433594,3545.620849609375,0.058183543384075165,2.9857828617095947,-80.78462600708008
1377.0850830078125,70.25491333007812,3545.5625,0.05773122236132622,2.9907143115997314,-80.78187942504883
1377.438232421875,70.27383422851562,3545.505126953125,0.058284781873226166,2.9954681396484375,-80.78520488739014
1377.7835693359375,70.2923355102539,3545.448974609375,0.059674717485904694,2.9996275901794434,-80.78227424621582
1378.1212158203125,70.31041717529297,3545.394287109375,0.06184152886271477,3.003596067428589,-80.78557205200195
1378.4508056640625,70.32806396484375,3545.337158203125,0.07658632844686508,3.007373094558716,-80.61323833465576
1378.7706298828125,70.34535217285156,3545.2744140625,0.08982934802770615,3.0080902576446533,-80.09861946105957
1379.0826416015625,70.36226654052734,3545.211181640625,0.0587754026055336,3.00774884223938,-79.65577507019043
1379.3878173828125,70.3788070678711,3545.15283203125,0.024525489658117294,3.0068540573120117,-79.47950649261475
1379.68603515625,70.39493560791016,3545.096435546875,0.004921656101942062,3.0065739154815674,-79.40418910980225
1379.977294921875,70.41068267822266,3545.04150390625,-0.0037231494206935167,3.006758451461792,-79.37889099121094
1380.261474609375,70.42604064941406,3544.98828125,-0.007324201986193657,3.006840467453003,-79.3641185760498
1380.5390625,70.44103240966797,3544.936279296875,-0.008605963550508022,3.007291078567505,-79.3631420135498
1380.8096923828125,70.45565032958984,3544.88525390625,-0.009765625931322575,3.00752329826355,-79.35758876800537
1381.0733642578125,70.46990203857422,3544.83544921875,-0.009674097411334515,3.007953643798828,-79.36057949066162
1381.330810546875,70.4837875366211,3544.787109375,-0.00988770555704832,3.008418083190918,-79.35676288604736
1381.58154296875,70.49732971191406,3544.740234375,-0.009796122089028358,3.008793830871582,-79.36030578613281
1381.8265380859375,70.51043701171875,3544.6943359375,-0.009948717430233955,3.0102145671844482,-79.35743522644043
1382.06884765625,70.52334594726562,3544.64892578125,-0.009887700900435448,3.0138139724731445,-79.35835075378418
1382.3077392578125,70.53617858886719,3544.603759765625,-0.009887672029435635,3.0165255069732666,-79.35813999176025
1382.5421142578125,70.54882049560547,3544.559814453125,-0.009796150960028172,3.0179121494293213,-79.35838317871094
1382.772216796875,70.56124114990234,3544.5166015625,-0.009948712773621082,3.0185062885284424,-79.35810852050781
1382.9971923828125,70.57341766357422,3544.474365234375,-0.010040277615189552,3.0188615322113037,-79.35874843597412
1383.21728515625,70.5853271484375,3544.43310546875,-0.01007078867405653,3.0189707279205322,-79.35728359222412
1383.4327392578125,70.59697723388672,3544.392333984375,-0.009948690421879292,3.0189640522003174,-79.35954284667969
1383.6434326171875,70.60836791992188,3544.35302734375,-0.010253911837935448,3.018998146057129,-79.35679531097412
1383.849365234375,70.61949157714844,3544.31396484375,-0.009826645255088806,3.0190391540527344,-79.35990905761719
1384.05078125,70.63036346435547,3544.2763671875,-0.010131814517080784,3.019216537475586,-79.35649013519287
1384.2476806640625,70.64099884033203,3544.2392578125,-0.009826648980379105,3.0193874835968018,-79.36018371582031
1384.4390869140625,70.65137481689453,3544.19970703125,0.0018280120566487312,3.0191688537597656,-79.18034362792969
1384.6221923828125,70.66141510009766,3544.1513671875,0.019241197034716606,3.0173726081848145,-78.58732318878174
1384.79736328125,70.67109680175781,3544.095947265625,0.009845285676419735,3.015050172805786,-77.6969108581543
1384.9664306640625,70.68049621582031,3544.037109375,-0.03042600303888321,3.0132129192352295,-76.77116107940674
1385.1304931640625,70.68964385986328,3543.97607421875,-0.0856018140912056,3.0110273361206055,-75.84791088104248
1385.289794921875,70.69853973388672,3543.9140625,-0.14410395920276642,3.008329391479492,-74.95130634307861
1385.4443359375,70.70722198486328,3543.8505859375,-0.2026672214269638,3.0050439834594727,-74.06552982330322
1385.5943603515625,70.71566009521484,3543.7861328125,-0.2584228217601776,3.0010757446289062,-73.20762634277344
1385.739990234375,70.723876953125,3543.720947265625,-0.3118285834789276,2.9963560104370117,-72.35984992980957
1385.8812255859375,70.73186492919922,3543.655029296875,-0.3623046576976776,2.991267442703247,-71.53975868225098
1386.0179443359375,70.73963928222656,3543.58935546875,-0.4112853407859802,2.985543727874756,-70.72887802124023
1386.1507568359375,70.74720001220703,3543.5234375,-0.4576416313648224,2.9794580936431885,-69.94549942016602
1386.2796630859375,70.75455474853516,3543.4560546875,-0.502777099609375,2.9727783203125,-69.17050361633301
1386.40478515625,70.76171875,3543.388427734375,-0.545654296875,2.9659206867218018,-68.42264938354492
1386.52587890625,70.76869201660156,3543.322021484375,-0.5878294706344604,2.9585578441619873,-67.6823558807373
1386.64306640625,70.77544403076172,3543.255615234375,-0.62774658203125,2.9511332511901855,-66.96882820129395
1386.756591796875,70.78201293945312,3543.18896484375,-0.667388916015625,2.943182945251465,-66.26219749450684
1386.865966796875,70.78837585449219,3543.122314453125,-0.705108642578125,2.9350414276123047,-65.58168983459473
1386.9722900390625,70.79454803466797,3543.055908203125,-0.7421263456344604,2.926558256149292,-64.90746116638184
1387.0750732421875,70.80055236816406,3542.990234375,-0.777740478515625,2.9180548191070557,-64.25890159606934
1387.174560546875,70.80636596679688,3542.9248046875,-0.8127440214157104,2.9093668460845947,-63.616079330444336
1387.270751953125,70.81201171875,3542.859619140625,-0.8462525606155396,2.900507926940918,-62.99842643737793
1387.36376953125,70.8174819946289,3542.795654296875,-0.879241943359375,2.891594648361206,-62.38594055175781
1387.453857421875,70.8227767944336,3542.731689453125,-0.9108579754829407,2.8825035095214844,-61.79813766479492
1387.5435791015625,70.82801818847656,3542.671875,-0.9542846083641052,2.8770530223846436,-61.40198516845703
1387.634521484375,70.83326721191406,3542.61962890625,-0.9989317655563354,2.877025842666626,-61.37079429626465
1387.7259521484375,70.83845520019531,3542.576171875,-1.0230406522750854,2.8807003498077393,-61.63587188720703
1387.8160400390625,70.8435287475586,3542.539306640625,-1.0196533203125,2.8875374794006348,-62.118385314941406
1387.904296875,70.84845733642578,3542.506103515625,-0.9899290204048157,2.895214557647705,-62.62116813659668
1387.9906005859375,70.85326385498047,3542.474609375,-0.9495545029640198,2.9032399654388428,-63.122732162475586
1388.07470703125,70.85794067382812,3542.4453125,-0.9090271592140198,2.910862445831299,-63.60088348388672
1388.15673828125,70.86248016357422,3542.4169921875,-0.8706054091453552,2.918095827102661,-64.07576560974121
1388.2366943359375,70.86688995361328,3542.390869140625,-0.8362120985984802,2.924837112426758,-64.5273380279541
1388.314208984375,70.87118530273438,3542.365478515625,-0.804351806640625,2.931318998336792,-64.97600555419922
1388.3897705078125,70.87535858154297,3542.341552734375,-0.7755125761032104,2.937356948852539,-65.40166664123535
1388.463134765625,70.87938690185547,3542.319091796875,-0.747955322265625,2.943107843399048,-65.8248176574707
1388.5345458984375,70.88331604003906,3542.298095703125,-0.72296142578125,2.948387622833252,-66.22524070739746
1388.603759765625,70.88712310791016,3542.27783203125,-0.6989440321922302,2.9534146785736084,-66.62361145019531
1388.6708984375,70.89081573486328,3542.2587890625,-0.6768187880516052,2.9581410884857178,-66.99956512451172
1388.7359619140625,70.89437866210938,3542.240966796875,-0.6552734971046448,2.9627513885498047,-67.37397766113281
1388.799072265625,70.8978271484375,3542.223876953125,-0.6351927518844604,2.9668359756469727,-67.7262134552002
1388.860107421875,70.90117645263672,3542.2080078125,-0.6154480576515198,2.9708521366119385,-68.07728385925293
1388.9193115234375,70.90440368652344,3542.193115234375,-0.5969542264938354,2.9745540618896484,-68.40657043457031
1388.9766845703125,70.90753173828125,3542.1787109375,-0.5787353515625,2.978214979171753,-68.73505783081055
1389.031982421875,70.91055297851562,3542.16552734375,-0.56182861328125,2.9812886714935303,-69.04108619689941
1389.08544921875,70.9134521484375,3542.153076171875,-0.545135498046875,2.9844236373901367,-69.34671592712402
1389.13720703125,70.916259765625,3542.140869140625,-0.5294190049171448,2.9872512817382812,-69.63095474243164
1389.1866455078125,70.91896057128906,3542.129638671875,-0.5137633085250854,2.990003824234009,-69.91669273376465
1389.2344970703125,70.92155456542969,3542.118896484375,-0.4994506239891052,2.99249005317688,-70.18051528930664
1389.2803955078125,70.9240493774414,3542.109375,-0.48468005657196045,2.994962692260742,-70.44577026367188
1389.32470703125,70.92643737792969,3542.100341796875,-0.47149646282196045,2.9972167015075684,-70.68935966491699
1389.3671875,70.92874145507812,3542.0908203125,-0.45812979340553284,2.999415874481201,-70.93475151062012
1389.407958984375,70.93094635009766,3542.082763671875,-0.4460448920726776,3.0013489723205566,-71.15871620178223
1389.447021484375,70.93305206298828,3542.0751953125,-0.4337463080883026,3.0033364295959473,-71.38485145568848
1389.484130859375,70.93507385253906,3542.068115234375,-0.422607421875,3.0050439834594727,-71.58980751037598
1389.52001953125,70.93699645996094,3542.060546875,-0.41131591796875,3.0067243576049805,-71.79723358154297
1389.5540771484375,70.93883514404297,3542.054931640625,-0.40106201171875,3.008199453353882,-71.98375701904297
1389.58642578125,70.94058227539062,3542.049072265625,-0.390594482421875,3.0096542835235596,-72.1732063293457
1389.617431640625,70.94224548339844,3542.04345703125,-0.3815003037452698,3.0108563899993896,-72.34184455871582
1389.6468505859375,70.9438247680664,3542.037841796875,-0.3721618950366974,3.0121748447418213,-72.51375007629395
1389.6746826171875,70.94532775878906,3542.033447265625,-0.36404410004615784,3.013253927230835,-72.66511726379395
1389.700927734375,70.94673919677734,3542.029296875,-0.3559265732765198,3.014394521713257,-72.82011604309082
1389.7257080078125,70.94807434082031,3542.025146484375,-0.3483886122703552,3.0154123306274414,-72.95472717285156
1389.7490234375,70.94932556152344,3542.021484375,-0.3408812880516052,3.0163822174072266,-73.09336853027344
1389.7711181640625,70.95050048828125,3542.017822265625,-0.3345032036304474,3.017242670059204,-73.21174812316895
1389.791748046875,70.95160675048828,3542.013916015625,-0.32763662934303284,3.0181238651275635,-73.33449172973633
1389.810791015625,70.95263671875,3542.010498046875,-0.3221741318702698,3.0188682079315186,-73.43714904785156
1389.828369140625,70.9535903930664,3542.00830078125,-0.3165282607078552,3.0196197032928467,-73.54451179504395
1389.844970703125,70.9544677734375,3542.006103515625,-0.3116454780101776,3.020261764526367,-73.63200378417969
1389.8599853515625,70.95527648925781,3542.00439453125,-0.3067932426929474,3.0207808017730713,-73.72453308105469
1389.8739013671875,70.95601654052734,3542.002197265625,-0.3029479384422302,3.0212998390197754,-73.79728698730469
1389.886474609375,70.9566879272461,3542.000244140625,-0.298614501953125,3.021866798400879,-73.87544441223145
1389.8978271484375,70.95729064941406,3541.998291015625,-0.2955016493797302,3.022303819656372,-73.93391609191895
1389.907958984375,70.95783233642578,3541.99658203125,-0.2918700575828552,3.0227274894714355,-73.99818229675293
1389.916748046875,70.95832061767578,3541.99462890625,-0.2895203232765198,3.0231645107269287,-74.04285907745361
1389.92431640625,70.95873260498047,3541.99267578125,-0.28680419921875,3.0235607624053955,-74.09364318847656
1389.9307861328125,70.95907592773438,3541.992431640625,-0.2850341498851776,3.0237929821014404,-74.1249828338623
1389.93603515625,70.9593505859375,3541.992431640625,-0.2830809950828552,3.024059295654297,-74.16279315948486
1389.9403076171875,70.9595718383789,3541.9921875,-0.2821654677391052,3.024264097213745,-74.18113422393799
1389.9432373046875,70.959716796875,3541.9921875,-0.2806701362133026,3.024489641189575,-74.20634460449219
1389.945068359375,70.95983123779297,3541.9921875,-0.2806701064109802,3.0245988368988037,-74.21217060089111
1389.946044921875,70.95986938476562,3541.99169921875,-0.2796630859375,3.024735450744629,-74.22517204284668
1389.94580078125,70.95986938476562,3541.9921875,-0.2801818549633026,3.0247695446014404,-74.21888446807861
1389.9444580078125,70.95980072021484,3541.9921875,-0.2802428901195526,3.0248584747314453,-74.22004222869873
1389.9425048828125,70.95967102050781,3541.9921875,-0.2813414931297302,3.024954080581665,-74.20256042480469
1389.939208984375,70.95950317382812,3541.99267578125,-0.2824706435203552,3.025029182434082,-74.20292568206787
1389.9351806640625,70.95927429199219,3541.994384765625,-0.2839660048484802,3.02518630027771,-74.19606113433838
1389.9302978515625,70.95899963378906,3541.995849609375,-0.28421011567115784,3.025473117828369,-74.20286273956299
1389.9246826171875,70.95870208740234,3541.997314453125,-0.28500357270240784,3.0256848335266113,-74.19603061676025
1389.91845703125,70.95834350585938,3541.9990234375,-0.28472891449928284,3.026094675064087,-74.20277404785156
1389.9114990234375,70.95796203613281,3542.00048828125,-0.2853088080883026,3.026313304901123,-74.19599628448486
1389.9041748046875,70.95756530761719,3542.002197265625,-0.28494253754615784,3.026620626449585,-74.20267963409424
1389.8963623046875,70.95714569091797,3542.003662109375,-0.2854308485984802,3.0268938541412354,-74.19593715667725
1389.887939453125,70.95668029785156,3542.005615234375,-0.28500354290008545,3.0272216796875,-74.20262050628662
1389.87939453125,70.95619201660156,3542.0087890625,-0.28552234172821045,3.0274264812469482,-74.19590473175049
1389.8701171875,70.95569610595703,3542.01171875,-0.2852477431297302,3.027754306793213,-74.2025260925293
1389.8607177734375,70.9551773071289,3542.014892578125,-0.2855529189109802,3.0279524326324463,-74.19581413269043
1389.85107421875,70.95463562011719,3542.01806640625,-0.2850951552391052,3.028191566467285,-74.20243549346924
1389.8409423828125,70.9540786743164,3542.021240234375,-0.285400390625,3.0282187461853027,-74.19578170776367
1389.830810546875,70.95352172851562,3542.0244140625,-0.28509521484375,3.0285468101501465,-74.20240688323975
1389.820556640625,70.95294952392578,3542.02734375,-0.28543078899383545,3.028717517852783,-74.19572353363037
1389.8096923828125,70.95235443115234,3542.030517578125,-0.2850951552391052,3.0288541316986084,-74.20231437683105
1389.7987060546875,70.95173645019531,3542.03369140625,-0.28555288910865784,3.0289907455444336,-74.1956615447998
1389.787841796875,70.95113372802734,3542.036865234375,-0.28533926606178284,3.0291340351104736,-74.2022533416748
1389.77685546875,70.95052337646484,3542.0400390625,-0.2856445014476776,3.0291478633880615,-74.19563102722168
1389.765625,70.94992065429688,3542.04296875,-0.28521719574928284,3.0294618606567383,-74.20222282409668
1389.75390625,70.94928741455078,3542.046142578125,-0.28558340668678284,3.0295166969299316,-74.19557189941406
1389.7421875,70.94865417480469,3542.04931640625,-0.28536978363990784,3.029550790786743,-74.20216083526611
1389.73046875,70.94801330566406,3542.052490234375,-0.28573599457740784,3.029639482498169,-74.19556999206543
1389.71875,70.9473648071289,3542.0556640625,-0.2851867377758026,3.029776096343994,-74.20219326019287
1389.70703125,70.94671630859375,3542.05859375,-0.28564444184303284,3.029851198196411,-74.19560241699219
1389.6953125,70.9460678100586,3542.061767578125,-0.2852782905101776,3.029851198196411,-74.20216083526611
1389.68359375,70.94542694091797,3542.06494140625,-0.2855529189109802,3.0298852920532227,-74.19556999206543
1389.671875,70.94477844238281,3542.068115234375,-0.28500357270240784,3.0299196243286133,-74.20213031768799
1389.6597900390625,70.94413757324219,3542.0712890625,-0.2855529189109802,3.0298922061920166,-74.19553756713867
1389.6473388671875,70.94347381591797,3542.07421875,-0.28518664836883545,3.0299606323242188,-74.20210266113281
1389.634765625,70.94279479980469,3542.077392578125,-0.28533935546875,3.030083417892456,-74.19547748565674
1389.622314453125,70.94210815429688,3542.08056640625,-0.28518664836883545,3.030151844024658,-74.20207214355469
1389.60986328125,70.94142150878906,3542.083740234375,-0.2855529189109802,3.030151844024658,-74.19547939300537
1389.5972900390625,70.94073486328125,3542.0869140625,-0.28524768352508545,3.030226945877075,-74.20203971862793
1389.5848388671875,70.94005584716797,3542.08984375,-0.2855529189109802,3.0301449298858643,-74.19544696807861
1389.572265625,70.93936920166016,3542.093017578125,-0.28533926606178284,3.030240535736084,-74.20201110839844
1389.559814453125,70.93868255615234,3542.09619140625,-0.2855224311351776,3.030151844024658,-74.19538497924805
1389.54736328125,70.93799591064453,3542.099365234375,-0.28524771332740784,3.030226945877075,-74.201979637146
